59.2,30
69,35
74.3,40
76.8,45
-2
840,780,45.6,45.8,29.1
700,780,45.1,45.3,31
840,720,52.9,52.9,33
920,840,56.8,56.5,35
1040,1000,54.5,54.5,37
1080,1000,54.3,54.3,39
720,620,64.6,64.5,41
460,360,70.3,70.4,43
340,260,72.9,72.9,44
1120,1040,53.4,53.9,38
1140,1040,53.6,53.6,38.5
-1
620,580,49.4,49.3,29
540,520,51.8,51.6,31
540,480,57.6,57.6,33
680,620,60.1,60.1,35
660,580,63.9,63.9,37
360,240,69.2,69.4,39
-1
1040,1000,35.6,35.7,29
820,680,44.9,44.3,32
1020,940,55.3,55.6,35
880,780,63.4,63.4,38
780,700,67,67,41
740,660,69,69,44
1060,960,50.1,50.3,34
960,860,59.2,59.2,36
-1
