MIN=0	-3	-10	0	
MAX=160	3	10	25	
SCALE=50	1	5	10	
DEC=2	3	2	3	
DEF="Zeit" t / s	"Spannung" U_A1 / V	"Spannung" U_B1 / V	"Frequenz" f / Hz	
0	-0,798	3,71	NAN	
0,02	-0,7815	3,725	NAN	
0,04	-0,945	3,735	NAN	
0,06	-0,7725	3,74	NAN	
0,08	-0,6675	3,74	NAN	
0,1	-0,753	3,755	NAN	
0,12	-0,696	3,76	NAN	
0,14	-0,735	3,775	NAN	
0,16	-0,696	3,775	NAN	
0,18	-0,7725	3,785	NAN	
0,2	-0,6045	3,79	NAN	
0,22	-0,7755	3,805	NAN	
0,24	-0,555	3,825	NAN	
0,26	-0,5325	3,82	NAN	
0,28	-0,39	3,83	NAN	
0,3	-0,4185	3,83	NAN	
0,32	-0,4485	3,85	NAN	
0,34	-0,45	3,855	NAN	
0,36	-0,4815	3,86	NAN	
0,38	-0,4305	3,865	NAN	
0,4	-0,5535	3,87	NAN	
0,42	-0,3885	3,885	NAN	
0,44	-0,4245	3,89	NAN	
0,46	-0,513	3,9	NAN	
0,48	-0,471	3,905	NAN	
0,5	-0,4215	3,92	NAN	
0,52	-0,417	3,92	NAN	
0,54	-0,636	3,935	NAN	
0,56	-0,4485	3,935	NAN	
0,58	-0,459	3,95	NAN	
0,6	-0,558	3,95	NAN	
0,62	-0,426	3,97	NAN	
0,64	-0,474	3,97	NAN	
0,66	-0,207	3,98	NAN	
0,68	-0,207	3,99	NAN	
0,7	-0,1725	3,995	NAN	
0,72	-0,0945	4,01	NAN	
0,74	-0,036	4,01	NAN	
0,76	-0,1815	4,025	NAN	
0,78	-0,2115	4,03	NAN	
0,8	-0,3105	4,04	NAN	
0,82	-0,207	4,04	NAN	
0,84	-0,177	4,05	NAN	
0,86	-0,156	4,06	NAN	
0,88	-0,219	4,07	NAN	
0,9	-0,4065	4,08	NAN	
0,92	-0,2325	4,085	NAN	
0,94	-0,0645	4,095	NAN	
0,96	-0,102	4,095	NAN	
0,98	-0,246	4,11	NAN	
1	-0,2025	4,11	NAN	
1,02	-0,2685	4,13	NAN	
1,04	-0,234	4,135	NAN	
1,06	-0,114	4,145	NAN	
1,08	-0,207	4,15	NAN	
1,1	-0,021	4,165	NAN	
1,12	-0,0045	4,165	NAN	
1,14	-0,0945	4,175	NAN	
1,16	0,09	4,185	NAN	
1,18	-0,024	4,195	NAN	
1,2	-0,015	4,21	NAN	
1,22	0,027	4,21	NAN	
1,24	-0,1035	4,22	NAN	
1,26	-0,066	4,225	NAN	
1,28	-0,1095	4,235	NAN	
1,3	-0,2205	4,24	NAN	
1,32	-0,027	4,255	NAN	
1,34	-0,069	4,26	NAN	
1,36	-0,1455	4,27	NAN	
1,38	-0,1845	4,28	NAN	
1,4	-0,078	4,28	NAN	
1,42	-0,183	4,295	NAN	
1,44	-0,012	4,295	NAN	
1,46	-0,156	4,31	NAN	
1,48	-0,006	4,31	NAN	
1,5	-0,0045	4,335	NAN	
1,52	0,2565	4,33	NAN	
1,54	0,099	4,34	NAN	
1,56	0,093	4,35	NAN	
1,58	-0,0375	4,36	NAN	
1,6	0,066	4,365	NAN	
1,62	0,153	4,375	NAN	
1,64	0,1035	4,385	NAN	
1,66	0,1365	4,385	NAN	
1,68	0,171	4,405	NAN	
1,7	-0,0105	4,4	NAN	
1,72	0,0405	4,415	NAN	
1,74	-0,0015	4,42	NAN	
1,76	-0,009	4,43	NAN	
1,78	0,0075	4,44	NAN	
1,8	0,1515	4,45	NAN	
1,82	0,054	4,455	NAN	
1,84	0,0615	4,465	NAN	
1,86	0,18	4,475	NAN	
1,88	0,036	4,475	NAN	
1,9	0,135	4,485	NAN	
1,92	0,1455	4,485	NAN	
1,94	0,183	4,505	NAN	
1,96	0,2865	4,5	NAN	
1,98	0,255	4,515	NAN	
2	0,3015	4,52	NAN	
2,02	0,3855	4,53	NAN	
2,04	0,3	4,54	NAN	
2,06	0,174	4,545	NAN	
2,08	0,2685	4,555	NAN	
2,1	0,2385	4,555	NAN	
2,12	0,0495	4,575	NAN	
2,14	0,2175	4,575	NAN	
2,16	0,2025	4,585	NAN	
2,18	0,0885	4,59	NAN	
2,2	0,198	4,6	NAN	
2,22	0,1935	4,605	NAN	
2,24	0,066	4,615	NAN	
2,26	0,105	4,62	NAN	
2,28	0,168	4,63	NAN	
2,3	0,1035	4,64	NAN	
2,32	0,096	4,645	NAN	
2,34	0,093	4,655	NAN	
2,36	0,201	4,655	NAN	
2,38	0,3405	4,665	NAN	
2,4	0,303	4,67	NAN	
2,42	0,2865	4,68	NAN	
2,44	0,3165	4,685	NAN	
2,46	0,2745	4,695	NAN	
2,48	0,228	4,7	NAN	
2,5	0,189	4,71	NAN	
2,52	0,12	4,72	NAN	
2,54	0,267	4,725	NAN	
2,56	0,2265	4,735	NAN	
2,58	0,2025	4,735	NAN	
2,6	0,174	4,745	NAN	
2,62	0,27	4,745	NAN	
2,64	0,12	4,76	NAN	
2,66	0,15	4,76	NAN	
2,68	0,2235	4,775	NAN	
2,7	0,195	4,775	NAN	
2,72	0,0345	4,785	NAN	
2,74	0,144	4,79	NAN	
2,76	0,162	4,795	NAN	
2,78	0,291	4,81	NAN	
2,8	0,432	4,805	NAN	
2,82	0,351	4,82	NAN	
2,84	0,2745	4,82	NAN	
2,86	0,405	4,835	NAN	
2,88	0,4155	4,835	NAN	
2,9	0,303	4,845	NAN	
2,92	0,3885	4,855	NAN	
2,94	0,3285	4,865	NAN	
2,96	0,387	4,87	NAN	
2,98	0,327	4,87	NAN	
3	0,3345	4,88	NAN	
3,02	0,2475	4,885	NAN	
3,04	0,1395	4,895	NAN	
3,06	0,2085	4,895	NAN	
3,08	0,1725	4,905	NAN	
3,1	0,087	4,905	NAN	
3,12	0,1185	4,92	NAN	
3,14	0,21	4,92	NAN	
3,16	0,174	4,93	NAN	
3,18	0,126	4,94	NAN	
3,2	0,0915	4,945	NAN	
3,22	0,3555	4,95	NAN	
3,24	0,285	4,955	NAN	
3,26	0,3285	4,965	NAN	
3,28	0,3225	4,97	NAN	
3,3	0,3285	4,98	NAN	
3,32	0,2925	4,975	NAN	
3,34	0,3555	4,99	NAN	
3,36	0,33	4,995	NAN	
3,38	0,312	5	NAN	
3,4	0,369	5,005	NAN	
3,42	0,201	5,015	NAN	
3,44	0,3255	5,02	NAN	
3,46	0,2025	5,025	NAN	
3,48	0,06	5,035	NAN	
3,5	0,2115	5,035	NAN	
3,52	0,168	5,05	NAN	
3,54	0,144	5,05	NAN	
3,56	0,2745	5,06	NAN	
3,58	0,216	5,06	NAN	
3,6	0,252	5,07	NAN	
3,62	0,255	5,07	NAN	
3,64	0,237	5,08	NAN	
3,66	0,321	5,085	NAN	
3,68	0,417	5,11	NAN	
3,7	0,3915	5,1	NAN	
3,72	0,336	5,105	NAN	
3,74	0,4425	5,115	NAN	
3,76	0,36	5,115	NAN	
3,78	0,357	5,125	NAN	
3,8	0,3525	5,13	NAN	
3,82	0,231	5,14	NAN	
3,84	0,273	5,14	NAN	
3,86	0,1575	5,15	NAN	
3,88	0,255	5,155	NAN	
3,9	0,174	5,165	NAN	
3,92	0,1485	5,16	NAN	
3,94	0,1395	5,175	NAN	
3,96	0,339	5,17	NAN	
3,98	0,3105	5,185	NAN	
4	0,2985	5,185	NAN	
4,02	0,2805	5,195	NAN	
4,04	0,2055	5,205	NAN	
4,06	0,204	5,205	NAN	
4,08	0,393	5,21	NAN	
4,1	0,3675	5,215	NAN	
4,12	0,4005	5,225	NAN	
4,14	0,4545	5,225	NAN	
4,16	0,3735	5,24	NAN	
4,18	0,3	5,24	NAN	
4,2	0,3375	5,245	NAN	
4,22	0,2295	5,25	NAN	
4,24	0,2445	5,255	NAN	
4,26	0,3	5,26	NAN	
4,28	0,2385	5,265	NAN	
4,3	0,2385	5,275	NAN	
4,32	0,1785	5,275	NAN	
4,34	0,3135	5,285	NAN	
4,36	0,159	5,285	NAN	
4,38	0,171	5,29	NAN	
4,4	0,327	5,295	NAN	
4,42	0,2085	5,305	NAN	
4,44	0,1935	5,305	NAN	
4,46	0,177	5,31	NAN	
4,48	0,327	5,315	NAN	
4,5	0,462	5,32	NAN	
4,52	0,4785	5,325	NAN	
4,54	0,4455	5,335	NAN	
4,56	0,4125	5,335	NAN	
4,58	0,384	5,345	NAN	
4,6	0,3555	5,345	NAN	
4,62	0,2925	5,355	NAN	
4,64	0,402	5,355	NAN	
4,66	0,3585	5,36	NAN	
4,68	0,4425	5,37	NAN	
4,7	0,357	5,365	NAN	
4,72	0,18	5,38	NAN	
4,74	0,285	5,37	NAN	
4,76	0,228	5,39	NAN	
4,78	0,2565	5,385	NAN	
4,8	0,1335	5,395	NAN	
4,82	0,18	5,4	NAN	
4,84	0,297	5,405	NAN	
4,86	0,2595	5,405	NAN	
4,88	0,162	5,41	NAN	
4,9	0,237	5,42	NAN	
4,92	0,2475	5,415	NAN	
4,94	0,462	5,425	NAN	
4,96	0,4485	5,425	NAN	
4,98	0,4815	5,435	NAN	
5	0,3615	5,43	NAN	
5,02	0,5415	5,445	NAN	
5,04	0,324	5,445	NAN	
5,06	0,1695	5,445	NAN	
5,08	0,3135	5,45	NAN	
5,1	0,2715	5,47	NAN	
5,12	0,153	5,465	NAN	
5,14	0,1395	5,465	NAN	
5,16	0,1875	5,47	NAN	
5,18	0,2355	5,47	NAN	
5,2	0,129	5,48	NAN	
5,22	0,0075	5,48	NAN	
5,24	0,189	5,485	NAN	
5,26	0,1725	5,48	NAN	
5,28	0,2055	5,5	NAN	
5,3	0,198	5,49	NAN	
5,32	0,2775	5,5	NAN	
5,34	0,1455	5,495	NAN	
5,36	0,459	5,51	NAN	
5,38	0,4035	5,505	NAN	
5,4	0,387	5,51	NAN	
5,42	0,345	5,515	NAN	
5,44	0,4155	5,52	NAN	
5,46	0,375	5,525	NAN	
5,48	0,3045	5,52	NAN	
5,5	0,1935	5,535	NAN	
5,52	0,3135	5,53	NAN	
5,54	0,3195	5,54	NAN	
5,56	0,141	5,53	NAN	
5,58	0,186	5,545	NAN	
5,6	0,102	5,54	NAN	
5,62	0,144	5,55	NAN	
5,64	0,027	5,55	NAN	
5,66	0,1935	5,555	NAN	
5,68	0,117	5,555	NAN	
5,7	0,279	5,56	NAN	
5,72	0,33	5,565	NAN	
5,74	0,2625	5,565	NAN	
5,76	0,135	5,57	NAN	
5,78	0,2865	5,57	NAN	
5,8	0,2715	5,58	NAN	
5,82	0,3105	5,57	NAN	
5,84	0,3285	5,58	NAN	
5,86	0,264	5,58	NAN	
5,88	0,153	5,585	NAN	
5,9	0,114	5,59	NAN	
5,92	0,294	5,59	NAN	
5,94	0,318	5,595	NAN	
5,96	0,426	5,59	NAN	
5,98	0,2595	5,6	NAN	
6	0,171	5,605	NAN	
6,02	0,105	5,6	NAN	
6,04	0,0375	5,605	NAN	
6,06	0,153	5,61	NAN	
6,08	0,108	5,605	NAN	
6,1	0,1545	5,61	NAN	
6,12	0,0915	5,61	NAN	
6,14	0,2145	5,62	NAN	
6,16	0,174	5,615	NAN	
6,18	0,213	5,62	NAN	
6,2	0,288	5,62	NAN	
6,22	0,306	5,625	NAN	
6,24	0,3015	5,625	NAN	
6,26	0,315	5,63	NAN	
6,28	0,3885	5,63	NAN	
6,3	0,18	5,625	NAN	
6,32	0,168	5,635	NAN	
6,34	0,2145	5,63	NAN	
6,36	0,273	5,64	NAN	
6,38	0,2835	5,635	NAN	
6,4	0,222	5,64	NAN	
6,42	0,063	5,64	NAN	
6,44	0,0375	5,64	NAN	
6,46	0,069	5,645	NAN	
6,48	0,1935	5,645	NAN	
6,5	0,174	5,65	NAN	
6,52	0,1815	5,65	NAN	
6,54	0,1425	5,655	NAN	
6,56	0,096	5,65	NAN	
6,58	0,1515	5,655	NAN	
6,6	0,1275	5,65	NAN	
6,62	0,1305	5,655	NAN	
6,64	0,279	5,65	NAN	
6,66	0,2775	5,66	NAN	
6,68	0,357	5,655	NAN	
6,7	0,2205	5,66	NAN	
6,72	0,2265	5,66	NAN	
6,74	0,228	5,665	NAN	
6,76	0,1965	5,67	NAN	
6,78	0,219	5,665	NAN	
6,8	0,2415	5,67	NAN	
6,82	0,138	5,665	NAN	
6,84	0,1635	5,67	NAN	
6,86	0,075	5,665	NAN	
6,88	0,1935	5,675	NAN	
6,9	0,2055	5,665	NAN	
6,92	0,06	5,685	NAN	
6,94	0,225	5,67	NAN	
6,96	0,099	5,675	NAN	
6,98	0,1035	5,67	NAN	
7	0,075	5,67	NAN	
7,02	0,12	5,675	NAN	
7,04	0,21	5,675	NAN	
7,06	0,3195	5,675	NAN	
7,08	0,2415	5,68	NAN	
7,1	0,3585	5,68	NAN	
7,12	0,324	5,675	NAN	
7,14	0,4095	5,685	NAN	
7,16	0,2025	5,68	NAN	
7,18	0,1185	5,685	NAN	
7,2	0,2715	5,68	NAN	
7,22	0,3375	5,685	NAN	
7,24	0,1785	5,68	NAN	
7,26	0,21	5,69	NAN	
7,28	0,183	5,685	NAN	
7,3	0,075	5,685	NAN	
7,32	-0,0855	5,685	NAN	
7,34	-0,0675	5,69	NAN	
7,36	-0,0015	5,69	NAN	
7,38	-0,1335	5,685	NAN	
7,4	-0,117	5,69	NAN	
7,42	0,0645	5,685	NAN	
7,44	0,0555	5,69	NAN	
7,46	0,096	5,685	NAN	
7,48	0,24	5,69	NAN	
7,5	-0,0465	5,685	NAN	
7,52	0,1725	5,695	NAN	
7,54	0,0525	5,685	NAN	
7,56	0,093	5,69	NAN	
7,58	0,099	5,69	NAN	
7,6	-0,006	5,69	NAN	
7,62	0,132	5,69	NAN	
7,64	0,1245	5,69	NAN	
7,66	0,093	5,695	NAN	
7,68	0,0765	5,69	NAN	
7,7	-0,0555	5,695	NAN	
7,72	-0,015	5,695	NAN	
7,74	-0,015	5,695	NAN	
7,76	0,093	5,685	NAN	
7,78	0,0375	5,69	NAN	
7,8	0,0135	5,685	NAN	
7,82	0,159	5,69	NAN	
7,84	0,0645	5,69	NAN	
7,86	0,024	5,69	NAN	
7,88	0,069	5,69	NAN	
7,9	-0,084	5,685	NAN	
7,92	0,222	5,69	NAN	
7,94	0,2625	5,69	NAN	
7,96	0,1875	5,69	NAN	
7,98	0,219	5,69	NAN	
8	0,2235	5,69	NAN	
8,02	0,2955	5,69	NAN	
8,04	0,1455	5,69	NAN	
8,06	0,1545	5,685	NAN	
8,08	0,129	5,69	NAN	
8,1	0,27	5,7	NAN	
8,12	0,0705	5,69	NAN	
8,14	-0,015	5,685	NAN	
8,16	0,0285	5,69	NAN	
8,18	0,078	5,69	NAN	
8,2	0,0345	5,685	NAN	
8,22	0,1215	5,685	NAN	
8,24	0,0765	5,685	NAN	
8,26	0,045	5,685	NAN	
8,28	0,1185	5,68	NAN	
8,3	0,1365	5,685	NAN	
8,32	0,1545	5,675	NAN	
8,34	0,2385	5,68	NAN	
8,36	0,279	5,68	NAN	
8,38	0,225	5,685	NAN	
8,4	0,303	5,675	NAN	
8,42	0,213	5,68	NAN	
8,44	0,117	5,68	NAN	
8,46	0,2085	5,68	NAN	
8,48	0,117	5,68	NAN	
8,5	0,2145	5,68	NAN	
8,52	0,003	5,68	NAN	
8,54	0,114	5,67	NAN	
8,56	0,1545	5,675	NAN	
8,58	0,0135	5,67	NAN	
8,6	0,1635	5,675	NAN	
8,62	-0,0135	5,665	NAN	
8,64	0,0435	5,67	NAN	
8,66	0,0345	5,67	NAN	
8,68	0,2235	5,67	NAN	
8,7	0,033	5,675	NAN	
8,72	0,072	5,665	NAN	
8,74	-0,006	5,675	NAN	
8,76	0,2565	5,665	NAN	
8,78	0,2355	5,67	NAN	
8,8	0,2025	5,665	NAN	
8,82	0,1365	5,67	NAN	
8,84	0,1665	5,66	NAN	
8,86	0,165	5,665	NAN	
8,88	0,249	5,66	NAN	
8,9	0,2235	5,66	NAN	
8,92	0,2145	5,66	NAN	
8,94	0,225	5,66	NAN	
8,96	0,2025	5,655	NAN	
8,98	-0,0225	5,655	NAN	
9	0,084	5,66	NAN	
9,02	0,1875	5,655	NAN	
9,04	0,069	5,655	NAN	
9,06	0,1365	5,65	NAN	
9,08	0,0975	5,655	NAN	
9,1	0,066	5,645	NAN	
9,12	0,0915	5,655	NAN	
9,14	0,09	5,645	NAN	
9,16	0,147	5,65	NAN	
9,18	0,2085	5,64	NAN	
9,2	0,2175	5,645	NAN	
9,22	0,216	5,64	NAN	
9,24	0,1935	5,645	NAN	
9,26	0,084	5,64	NAN	
9,28	0,3015	5,64	NAN	
9,3	0,3195	5,645	NAN	
9,32	0,1275	5,635	NAN	
9,34	0,1755	5,64	NAN	
9,36	0,198	5,635	NAN	
9,38	0,129	5,635	NAN	
9,4	-0,0195	5,625	NAN	
9,42	0,081	5,635	NAN	
9,44	0,081	5,62	NAN	
9,46	0,087	5,63	NAN	
9,48	0,006	5,625	NAN	
9,5	0,129	5,63	NAN	
9,52	0,093	5,625	NAN	
9,54	0,0705	5,62	NAN	
9,56	0,1965	5,625	NAN	
9,58	-0,0165	5,62	NAN	
9,6	0,105	5,62	NAN	
9,62	0,231	5,615	NAN	
9,64	0,2115	5,615	NAN	
9,66	0,186	5,615	NAN	
9,68	0,1335	5,615	NAN	
9,7	0,315	5,605	NAN	
9,72	0,267	5,61	NAN	
9,74	0,2145	5,61	NAN	
9,76	0,3135	5,605	NAN	
9,78	0,0825	5,6	NAN	
9,8	0,2775	5,6	NAN	
9,82	0,003	5,6	NAN	
9,84	0,063	5,6	NAN	
9,86	0,114	5,595	NAN	
9,88	0,1605	5,595	NAN	
9,9	-0,033	5,595	NAN	
9,92	0,0435	5,59	NAN	
9,94	0,1545	5,59	NAN	
9,96	0,135	5,585	NAN	
9,98	0,198	5,59	NAN	
10	-0,048	5,575	NAN	
10,02	0,1125	5,585	NAN	
10,04	0,2505	5,57	NAN	
10,06	0,2055	5,575	NAN	
10,08	0,2655	5,58	NAN	
10,1	0,3675	5,58	NAN	
10,12	0,2865	5,575	NAN	
10,14	0,2355	5,575	NAN	
10,16	0,192	5,575	NAN	
10,18	0,2745	5,57	NAN	
10,2	0,12	5,57	NAN	
10,22	0,177	5,565	NAN	
10,24	0,0885	5,565	NAN	
10,26	-0,0315	5,56	NAN	
10,28	0,0585	5,565	NAN	
10,3	0,177	5,55	NAN	
10,32	0,042	5,56	NAN	
10,34	0,1935	5,555	NAN	
10,36	0,0915	5,555	NAN	
10,38	0,114	5,545	NAN	
10,4	0,192	5,55	NAN	
10,42	0,1785	5,545	NAN	
10,44	0,1665	5,545	NAN	
10,46	0,1425	5,54	NAN	
10,48	0,2175	5,54	NAN	
10,5	0,237	5,54	NAN	
10,52	0,2025	5,535	NAN	
10,54	0,3045	5,54	NAN	
10,56	0,3255	5,53	NAN	
10,58	0,288	5,535	NAN	
10,6	0,0795	5,525	NAN	
10,62	0,183	5,53	NAN	
10,64	0,1965	5,525	NAN	
10,66	0,3015	5,535	NAN	
10,68	0	5,52	NAN	
10,7	0,123	5,515	NAN	
10,72	0,1305	5,515	NAN	
10,74	0,1215	5,515	NAN	
10,76	0,0075	5,51	NAN	
10,78	0,1935	5,505	NAN	
10,8	0,147	5,51	NAN	
10,82	0,1935	5,5	NAN	
10,84	0,1275	5,505	NAN	
10,86	0,1095	5,49	NAN	
10,88	0,018	5,5	NAN	
10,9	0,2385	5,49	NAN	
10,92	0,2985	5,495	NAN	
10,94	0,261	5,485	NAN	
10,96	0,2355	5,49	NAN	
10,98	0,2985	5,49	NAN	
11	0,222	5,485	NAN	
11,02	0,213	5,485	NAN	
11,04	0,1635	5,48	NAN	
11,06	0,2955	5,48	NAN	
11,08	0,1305	5,47	NAN	
11,1	0,066	5,475	NAN	
11,12	0,054	5,465	NAN	
11,14	0,0615	5,47	NAN	
11,16	0,2265	5,465	NAN	
11,18	0,135	5,465	NAN	
11,2	0,165	5,46	NAN	
11,22	0,0465	5,455	NAN	
11,24	-0,0045	5,45	NAN	
11,26	-0,0075	5,455	NAN	
11,28	0,1005	5,455	NAN	
11,3	0,0975	5,45	NAN	
11,32	0,366	5,45	NAN	
11,34	0,309	5,445	NAN	
11,36	0,267	5,445	NAN	
11,38	0,2745	5,435	NAN	
11,4	0,3075	5,44	NAN	
11,42	0,2775	5,435	NAN	
11,44	0,2685	5,435	NAN	
11,46	0,2175	5,425	NAN	
11,48	0,234	5,425	NAN	
11,5	0,162	5,425	NAN	
11,52	0,189	5,425	NAN	
11,54	0,0405	5,415	NAN	
11,56	0,093	5,42	NAN	
11,58	0,1665	5,415	NAN	
11,6	0,1485	5,41	NAN	
11,62	0,1425	5,41	NAN	
11,64	0,183	5,405	NAN	
11,66	0,2025	5,405	NAN	
11,68	0,2535	5,395	NAN	
11,7	0,192	5,4	NAN	
11,72	0,0435	5,39	NAN	
11,74	0,246	5,395	NAN	
11,76	0,2175	5,39	NAN	
11,78	0,2385	5,39	NAN	
11,8	0,165	5,385	NAN	
11,82	0,3495	5,39	NAN	
11,84	0,159	5,38	NAN	
11,86	0,189	5,38	NAN	
11,88	0,261	5,38	NAN	
11,9	0,198	5,37	NAN	
11,92	0,201	5,375	NAN	
11,94	0,2205	5,365	NAN	
11,96	0,042	5,37	NAN	
11,98	0,108	5,355	NAN	
12	0,2445	5,36	NAN	
12,02	0,0825	5,35	NAN	
12,04	0,075	5,355	NAN	
12,06	0,09	5,34	NAN	
12,08	0,0615	5,345	NAN	
12,1	0,0465	5,34	NAN	
12,12	0,0855	5,345	NAN	
12,14	0,123	5,335	NAN	
12,16	0,1515	5,34	NAN	
12,18	0,267	5,335	NAN	
12,2	0,2985	5,33	NAN	
12,22	0,2025	5,33	NAN	
12,24	0,3465	5,325	NAN	
12,26	0,255	5,325	NAN	
12,28	0,231	5,32	NAN	
12,3	0,3075	5,32	NAN	
12,32	0,261	5,315	NAN	
12,34	0,1845	5,31	NAN	
12,36	0,111	5,31	NAN	
12,38	0,048	5,31	NAN	
12,4	0,024	5,305	NAN	
12,42	0,0765	5,3	NAN	
12,44	0,027	5,305	NAN	
12,46	0,0045	5,295	NAN	
12,48	0,0945	5,295	NAN	
12,5	0,0855	5,29	NAN	
12,52	0,0585	5,29	NAN	
12,54	0,021	5,285	NAN	
12,56	0,0075	5,285	NAN	
12,58	0,15	5,275	NAN	
12,6	0,2385	5,28	NAN	
12,62	0,3015	5,27	NAN	
12,64	0,207	5,275	NAN	
12,66	0,309	5,265	NAN	
12,68	0,24	5,27	NAN	
12,7	0,2295	5,26	NAN	
12,72	0,093	5,26	NAN	
12,74	0,189	5,26	NAN	
12,76	0,2385	5,255	NAN	
12,78	0,201	5,255	NAN	
12,8	0,3195	5,245	NAN	
12,82	0,09	5,25	NAN	
12,84	0,1005	5,24	NAN	
12,86	0,1215	5,245	NAN	
12,88	0,0765	5,23	NAN	
12,9	0,126	5,23	NAN	
12,92	0,0345	5,225	NAN	
12,94	0,1125	5,23	NAN	
12,96	0,093	5,22	NAN	
12,98	0,171	5,225	NAN	
13	0,1365	5,215	NAN	
13,02	0,177	5,215	NAN	
13,04	0,291	5,215	NAN	
13,06	0,381	5,21	NAN	
13,08	0,2595	5,21	NAN	
13,1	0,297	5,205	NAN	
13,12	0,2925	5,205	NAN	
13,14	0,1575	5,195	NAN	
13,16	0,093	5,2	NAN	
13,18	0,2355	5,19	NAN	
13,2	0,1545	5,19	NAN	
13,22	0,0615	5,185	NAN	
13,24	0,0675	5,185	NAN	
13,26	0,0945	5,175	NAN	
13,28	0,1215	5,175	NAN	
13,3	0,096	5,17	NAN	
13,32	0,1125	5,17	NAN	
13,34	0,1335	5,165	NAN	
13,36	0,0465	5,165	NAN	
13,38	-0,024	5,16	NAN	
13,4	0,1485	5,16	NAN	
13,42	0,045	5,16	NAN	
13,44	0,219	5,15	NAN	
13,46	0,2865	5,16	NAN	
13,48	0,249	5,145	NAN	
13,5	0,3225	5,15	NAN	
13,52	0,381	5,14	NAN	
13,54	0,408	5,145	NAN	
13,56	0,2115	5,13	NAN	
13,58	0,2205	5,135	NAN	
13,6	0,1785	5,13	NAN	
13,62	0,264	5,13	NAN	
13,64	0,1755	5,125	NAN	
13,66	0,039	5,12	NAN	
13,68	0,0405	5,12	NAN	
13,7	0,1875	5,11	NAN	
13,72	0,072	5,11	NAN	
13,74	0,039	5,105	NAN	
13,76	0,0975	5,105	NAN	
13,78	0,084	5,095	NAN	
13,8	0,1605	5,1	NAN	
13,82	0,0435	5,09	NAN	
13,84	0,246	5,09	NAN	
13,86	0,171	5,085	NAN	
13,88	0,306	5,085	NAN	
13,9	0,192	5,08	NAN	
13,92	0,258	5,075	NAN	
13,94	0,324	5,075	NAN	
13,96	0,3165	5,07	NAN	
13,98	0,2475	5,07	NAN	
14	0,2175	5,06	NAN	
14,02	0,2625	5,06	NAN	
14,04	0,315	5,06	NAN	
14,06	0,2325	5,055	NAN	
14,08	0,0645	5,045	NAN	
14,1	0,108	5,05	NAN	
14,12	0,102	5,04	NAN	
14,14	0,1545	5,045	NAN	
14,16	0,042	5,035	NAN	
14,18	0,087	5,035	NAN	
14,2	0,1905	5,03	NAN	
14,22	0,075	5,03	NAN	
14,24	0,1125	5,025	NAN	
14,26	0,234	5,015	NAN	
14,28	0,2295	5,02	NAN	
14,3	0,2715	5,01	NAN	
14,32	0,261	5,01	NAN	
14,34	0,2595	5,005	NAN	
14,36	0,186	5,005	NAN	
14,38	0,2955	4,995	NAN	
14,4	0,2955	4,995	NAN	
14,42	0,261	4,99	NAN	
14,44	0,1995	4,99	NAN	
14,46	0,1515	4,98	NAN	
14,48	0,1965	4,98	NAN	
14,5	0,3525	4,98	NAN	
14,52	0,093	4,975	NAN	
14,54	0,105	4,97	NAN	
14,56	0,0285	4,965	NAN	
14,58	0,0945	4,965	NAN	
14,6	0,0855	4,96	NAN	
14,62	0,1125	4,965	NAN	
14,64	0,0495	4,945	NAN	
14,66	0,1305	4,955	NAN	
14,68	0,114	4,94	NAN	
14,7	0,147	4,945	NAN	
14,72	0,189	4,93	NAN	
14,74	0,4245	4,935	NAN	
14,76	0,309	4,93	NAN	
14,78	0,2415	4,925	NAN	
14,8	0,315	4,925	NAN	
14,82	0,3465	4,915	NAN	
14,84	0,1875	4,915	NAN	
14,86	0,2415	4,915	NAN	
14,88	0,2025	4,91	NAN	
14,9	0,204	4,905	NAN	
14,92	0,3585	4,905	NAN	
14,94	0,1275	4,895	NAN	
14,96	0,147	4,895	NAN	
14,98	0,1035	4,885	NAN	
15	0,054	4,885	NAN	
15,02	0,1965	4,88	NAN	
15,04	0,162	4,88	NAN	
15,06	0,1635	4,875	NAN	
15,08	-0,012	4,87	NAN	
15,1	0,174	4,87	NAN	
15,12	0,213	4,865	NAN	
15,14	0,048	4,865	NAN	
15,16	0,237	4,855	NAN	
15,18	0,381	4,86	NAN	
15,2	0,2595	4,845	NAN	
15,22	0,3765	4,85	NAN	
15,24	0,3105	4,84	NAN	
15,26	0,1725	4,835	NAN	
15,28	0,2085	4,835	NAN	
15,3	0,159	4,835	NAN	
15,32	0,27	4,83	NAN	
15,34	0,2085	4,83	NAN	
15,36	0,027	4,82	NAN	
15,38	0,0855	4,82	NAN	
15,4	0,0525	4,835	NAN	
15,42	0,036	4,81	NAN	
15,44	0,1275	4,805	NAN	
15,46	0,1425	4,805	NAN	
15,48	0,2085	4,805	NAN	
15,5	-0,054	4,79	NAN	
15,52	0,072	4,795	NAN	
15,54	-0,087	4,78	NAN	
15,56	-0,0045	4,79	NAN	
15,58	0,3735	4,775	NAN	
15,6	0,306	4,78	NAN	
15,62	0,1695	4,77	NAN	
15,64	0,2925	4,77	NAN	
15,66	0,3165	4,77	NAN	
15,68	0,1185	4,77	NAN	
15,7	0,099	4,765	NAN	
15,72	0,2745	4,755	NAN	
15,74	0,297	4,76	NAN	
15,76	0,177	4,75	NAN	
15,78	0,138	4,75	NAN	
15,8	0,102	4,74	NAN	
15,82	0,0975	4,745	NAN	
15,84	0,138	4,73	NAN	
15,86	0,069	4,73	NAN	
15,88	-0,0135	4,735	NAN	
15,9	0,135	4,725	NAN	
15,92	0,1515	4,725	NAN	
15,94	0,1935	4,71	NAN	
15,96	0,0645	4,715	NAN	
15,98	0,0975	4,705	NAN	
16	0,261	4,705	NAN	
16,02	0,1395	4,7	NAN	
16,04	0,2145	4,695	NAN	
16,06	0,1605	4,695	NAN	
16,08	0,1455	4,685	NAN	
16,1	0,225	4,69	NAN	
16,12	0,0795	4,68	NAN	
16,14	0,15	4,68	NAN	
16,16	0,183	4,675	NAN	
16,18	0,231	4,67	NAN	
16,2	0,138	4,67	NAN	
16,22	0,195	4,655	NAN	
16,24	-0,0555	4,66	NAN	
16,26	0,018	4,65	NAN	
16,28	-0,0165	4,655	NAN	
16,3	-0,003	4,64	NAN	
16,32	0,15	4,65	NAN	
16,34	-0,021	4,64	NAN	
16,36	0,0345	4,635	NAN	
16,38	0,0555	4,635	NAN	
16,4	0,081	4,63	NAN	
16,42	0,123	4,63	NAN	
16,44	0,3195	4,62	NAN	
16,46	0,3345	4,62	NAN	
16,48	0,3045	4,61	NAN	
16,5	0,4005	4,615	NAN	
16,52	0,3195	4,605	NAN	
16,54	0,1335	4,605	NAN	
16,56	0,1185	4,6	NAN	
16,58	0,105	4,595	NAN	
16,6	0,207	4,59	NAN	
16,62	0,1575	4,59	NAN	
16,64	0,0675	4,585	NAN	
16,66	0,198	4,58	NAN	
16,68	0,12	4,58	NAN	
16,7	-0,0405	4,57	NAN	
16,72	0,1725	4,57	NAN	
16,74	-0,0225	4,56	NAN	
16,76	0,114	4,565	NAN	
16,78	0,111	4,55	NAN	
16,8	0,1305	4,55	NAN	
16,82	-0,0645	4,54	NAN	
16,84	0,0585	4,545	NAN	
16,86	0,1995	4,53	NAN	
16,88	0,2085	4,53	NAN	
16,9	0,2175	4,525	NAN	
16,92	0,2775	4,53	NAN	
16,94	0,228	4,515	NAN	
16,96	0,231	4,51	NAN	
16,98	0,1305	4,51	NAN	
17	0,1035	4,505	NAN	
17,02	0,117	4,5	NAN	
17,04	0,2265	4,5	NAN	
17,06	0,078	4,495	NAN	
17,08	0,1065	4,49	NAN	
17,1	0,084	4,485	NAN	
17,12	0,2055	4,475	NAN	
17,14	0,0075	4,48	NAN	
17,16	-0,015	4,47	NAN	
17,18	0,126	4,47	NAN	
17,2	0,0525	4,46	NAN	
17,22	0,111	4,46	NAN	
17,24	0,126	4,45	NAN	
17,26	0,0765	4,45	NAN	
17,28	0,3195	4,445	NAN	
17,3	0,288	4,445	NAN	
17,32	0,24	4,44	NAN	
17,34	0,252	4,435	NAN	
17,36	0,204	4,445	NAN	
17,38	0,246	4,425	NAN	
17,4	0,162	4,42	NAN	
17,42	-0,0225	4,415	NAN	
17,44	0,0915	4,415	NAN	
17,46	0,171	4,405	NAN	
17,48	0,2835	4,405	NAN	
17,5	0,066	4,39	NAN	
17,52	-0,021	4,395	NAN	
17,54	-0,075	4,385	NAN	
17,56	0,1305	4,39	NAN	
17,58	-0,0405	4,38	NAN	
17,6	0,051	4,375	NAN	
17,62	0,1485	4,37	NAN	
17,64	0,027	4,365	NAN	
17,66	0,045	4,365	NAN	
17,68	0,1305	4,35	NAN	
17,7	-0,0225	4,36	NAN	
17,72	0,1365	4,345	NAN	
17,74	0,2835	4,35	NAN	
17,76	0,294	4,335	NAN	
17,78	0,1875	4,34	NAN	
17,8	0,183	4,32	NAN	
17,82	0,1725	4,33	NAN	
17,84	0,234	4,32	NAN	
17,86	0,1875	4,32	NAN	
17,88	0,105	4,31	NAN	
17,9	0,1005	4,31	NAN	
17,92	-0,036	4,305	NAN	
17,94	0,1125	4,3	NAN	
17,96	0,069	4,3	NAN	
17,98	0,048	4,29	NAN	
18	-0,0285	4,29	NAN	
18,02	0,141	4,28	NAN	
18,04	-0,1065	4,28	NAN	
18,06	0,156	4,27	NAN	
18,08	-0,0225	4,275	NAN	
18,1	0,063	4,26	NAN	
18,12	0,06	4,26	NAN	
18,14	0,2205	4,25	NAN	
18,16	0,2685	4,25	NAN	
18,18	0,1845	4,245	NAN	
18,2	0,207	4,245	NAN	
18,22	0,1425	4,235	NAN	
18,24	0,267	4,23	NAN	
18,26	0,0885	4,23	NAN	
18,28	0,1245	4,22	NAN	
18,3	0,0225	4,225	NAN	
18,32	0,21	4,21	NAN	
18,34	0,1485	4,215	NAN	
18,36	-0,003	4,205	NAN	
18,38	0,0375	4,205	NAN	
18,4	0,102	4,195	NAN	
18,42	-0,0855	4,19	NAN	
18,44	0,012	4,185	NAN	
18,46	0,162	4,185	NAN	
18,48	-0,066	4,175	NAN	
18,5	0,072	4,18	NAN	
18,52	0,06	4,165	NAN	
18,54	-0,0195	4,17	NAN	
18,56	0,1905	4,16	NAN	
18,58	0,192	4,15	NAN	
18,6	0,222	4,15	NAN	
18,62	0,159	4,14	NAN	
18,64	0,1935	4,145	NAN	
18,66	0,3255	4,135	NAN	
18,68	0,0375	4,135	NAN	
18,7	0,0855	4,12	NAN	
18,72	0,12	4,125	NAN	
18,74	0,0375	4,115	NAN	
18,76	-0,033	4,11	NAN	
18,78	0,0615	4,105	NAN	
18,8	-0,0015	4,1	NAN	
18,82	0,0615	4,095	NAN	
18,84	0,0435	4,09	NAN	
18,86	-0,012	4,09	NAN	
18,88	0,0585	4,08	NAN	
18,9	-0,0285	4,085	NAN	
18,92	0,045	4,07	NAN	
18,94	0,015	4,07	NAN	
18,96	-0,087	4,06	NAN	
18,98	0,0735	4,06	NAN	
19	0,117	4,045	NAN	
19,02	0,135	4,05	NAN	
19,04	0,1095	4,04	NAN	
19,06	0,1995	4,04	NAN	
19,08	0,162	4,03	NAN	
19,1	0,0465	4,03	NAN	
19,12	0,2055	4,025	NAN	
19,14	0,063	4,02	NAN	
19,16	0,075	4,015	NAN	
19,18	0,165	4,01	NAN	
19,2	0,0075	4,01	NAN	
19,22	0,0255	3,995	NAN	
19,24	-0,105	4	NAN	
19,26	0,0015	3,985	NAN	
19,28	0,1245	3,99	NAN	
19,3	-0,096	3,97	NAN	
19,32	0,0105	3,975	NAN	
19,34	0,0225	3,965	NAN	
19,36	0,0945	3,96	NAN	
19,38	0,0675	3,955	NAN	
19,4	0,0315	3,95	NAN	
19,42	0,189	3,945	NAN	
19,44	0,132	3,94	NAN	
19,46	0,087	3,94	NAN	
19,48	0,219	3,93	NAN	
19,5	0,078	3,93	NAN	
19,52	0,1215	3,92	NAN	
19,54	-0,006	3,92	NAN	
19,56	0,048	3,91	NAN	
19,58	0,0615	3,905	NAN	
19,6	0,1425	3,895	NAN	
19,62	-0,054	3,895	NAN	
19,64	0,0675	3,885	NAN	
19,66	0,0075	3,88	NAN	
19,68	-0,0615	3,88	NAN	
19,7	0,033	3,875	NAN	
19,72	-0,135	3,87	NAN	
19,74	0,063	3,865	NAN	
19,76	-0,081	3,86	NAN	
19,78	0,075	3,85	NAN	
19,8	-0,1095	3,85	NAN	
19,82	-0,0465	3,84	NAN	
19,84	0,087	3,84	NAN	
19,86	0,117	3,83	NAN	
19,88	0,03	3,83	NAN	
19,9	0,078	3,82	NAN	
19,92	0,12	3,82	NAN	
19,94	0,117	3,81	NAN	
19,96	0,036	3,805	NAN	
19,98	-0,051	3,8	NAN	
20	0,0285	3,79	NAN	
20,02	0,063	3,79	NAN	
20,04	0,033	3,785	NAN	
20,06	-0,0855	3,78	NAN	
20,08	-0,063	3,77	NAN	
20,1	-0,1725	3,765	NAN	
20,12	-0,1155	3,755	NAN	
20,14	0,0195	3,76	NAN	
20,16	0,018	3,745	NAN	
20,18	-0,087	3,745	NAN	
20,2	-0,027	3,735	NAN	
20,22	0,003	3,735	NAN	
20,24	0,048	3,735	NAN	
20,26	0,054	3,725	NAN	
20,28	0,135	3,72	NAN	
20,3	0,0615	3,715	NAN	
20,32	0,006	3,71	NAN	
20,34	0,1785	3,7	NAN	
20,36	-0,0885	3,7	NAN	
20,38	-0,0855	3,69	NAN	
20,4	-0,0795	3,685	NAN	
20,42	-0,021	3,68	NAN	
20,44	0,0255	3,68	NAN	
20,46	-0,075	3,67	NAN	
20,48	-0,0915	3,67	NAN	
20,5	-0,051	3,655	NAN	
20,52	-0,042	3,66	NAN	
20,54	-0,2565	3,655	NAN	
20,56	-0,0885	3,645	NAN	
20,58	-0,1875	3,64	NAN	
20,6	-0,1185	3,635	NAN	
20,62	-0,1305	3,635	NAN	
20,64	-0,222	3,62	NAN	
20,66	-0,0525	3,625	NAN	
20,68	-0,1365	3,605	NAN	
20,7	-0,0525	3,605	NAN	
20,72	-0,066	3,6	NAN	
20,74	0,0645	3,595	NAN	
20,76	0,072	3,59	NAN	
20,78	0,057	3,585	NAN	
20,8	-0,0345	3,58	NAN	
20,82	-0,1155	3,575	NAN	
20,84	-0,1095	3,575	NAN	
20,86	-0,0975	3,565	NAN	
20,88	-0,123	3,565	NAN	
20,9	-0,1065	3,555	NAN	
20,92	-0,1095	3,555	NAN	
20,94	-0,108	3,54	NAN	
20,96	-0,093	3,545	NAN	
20,98	-0,117	3,53	NAN	
21	-0,1755	3,525	NAN	
21,02	-0,1455	3,52	NAN	
21,04	-0,225	3,52	NAN	
21,06	-0,195	3,51	NAN	
21,08	-0,2505	3,51	NAN	
21,1	-0,225	3,505	NAN	
21,12	-0,162	3,5	NAN	
21,14	-0,15	3,495	NAN	
21,16	-0,0435	3,48	NAN	
21,18	0,0885	3,485	NAN	
21,2	-0,048	3,47	NAN	
21,22	-0,1365	3,475	NAN	
21,24	-0,1455	3,46	NAN	
21,26	-0,1695	3,465	NAN	
21,28	0,009	3,455	NAN	
21,3	-0,1455	3,45	NAN	
21,32	-0,2205	3,445	NAN	
21,34	-0,351	3,44	NAN	
21,36	-0,3675	3,43	NAN	
21,38	-0,288	3,425	NAN	
21,4	-0,333	3,425	NAN	
21,42	-0,2625	3,41	NAN	
21,44	-0,3285	3,415	NAN	
21,46	-0,306	3,425	NAN	
21,48	-0,3465	3,405	NAN	
21,5	-0,1455	3,395	NAN	
21,52	-0,3795	3,395	NAN	
21,54	-0,1515	3,385	NAN	
21,56	-0,201	3,38	NAN	
21,58	-0,189	3,375	NAN	
21,6	-0,258	3,375	NAN	
21,62	-0,1455	3,365	NAN	
21,64	-0,1305	3,355	NAN	
21,66	-0,2475	3,355	NAN	
21,68	-0,2295	3,345	NAN	
21,7	-0,219	3,345	NAN	
21,72	-0,327	3,335	NAN	
21,74	-0,426	3,335	NAN	
21,76	-0,477	3,32	NAN	
21,78	-0,417	3,32	NAN	
21,8	-0,3735	3,305	NAN	
21,82	-0,4335	3,305	NAN	
21,84	-0,5595	3,295	NAN	
21,86	-0,3525	3,3	NAN	
21,88	-0,375	3,285	NAN	
21,9	-0,483	3,28	NAN	
21,92	-0,357	3,27	NAN	
21,94	-0,3705	3,27	NAN	
21,96	-0,348	3,265	NAN	
21,98	-0,3075	3,255	NAN	
22	-0,3405	3,26	NAN	
22,02	-0,36	3,245	NAN	
22,04	-0,4185	3,25	NAN	
22,06	-0,327	3,235	NAN	
22,08	-0,2655	3,235	NAN	
22,1	-0,441	3,22	NAN	
22,12	-0,306	3,225	NAN	
22,14	-0,4995	3,21	NAN	
22,16	-0,465	3,21	NAN	
22,18	-0,531	3,205	NAN	
22,2	-0,5775	3,2	NAN	
22,22	-0,6645	3,19	NAN	
22,24	-0,4395	3,18	NAN	
22,26	-0,6105	3,185	NAN	
22,28	-0,543	3,175	NAN	
22,3	-0,6285	3,17	NAN	
22,32	-0,5085	3,165	NAN	
22,34	-0,5205	3,155	NAN	
22,36	-0,5955	3,15	NAN	
22,38	-0,6675	3,15	NAN	
22,4	-0,3195	3,135	NAN	
22,42	-0,3615	3,135	NAN	
22,44	-0,477	3,125	NAN	
22,46	-0,4125	3,125	NAN	
22,48	-0,3975	3,12	NAN	
22,5	-0,534	3,11	NAN	
22,52	-0,5685	3,11	NAN	
22,54	-0,594	3,1	NAN	
22,56	-0,7635	3,1	NAN	
22,58	-0,63	3,085	NAN	
22,6	-0,6315	3,085	NAN	
22,62	-0,789	3,075	NAN	
22,64	-0,735	3,07	NAN	
22,66	-0,8715	3,065	NAN	
22,68	-0,768	3,065	NAN	
22,7	-0,783	3,05	NAN	
22,72	-0,897	3,045	NAN	
22,74	-0,8325	3,04	NAN	
22,76	-0,96	3,035	NAN	
22,78	-0,825	3,03	NAN	
22,8	-0,9045	3,025	NAN	
22,82	-0,8145	3,02	NAN	
22,84	-0,78	3,015	NAN	
22,86	-0,711	3,005	NAN	
22,88	-0,8955	3	NAN	
22,9	-0,8565	2,995	NAN	
22,92	-0,942	2,985	NAN	
22,94	-0,882	2,985	NAN	
22,96	-0,912	2,97	NAN	
22,98	-1,026	2,97	NAN	
23	-0,981	2,965	NAN	
23,02	-1,1085	2,955	NAN	
23,04	-1,059	2,95	NAN	
23,06	-1,11	2,945	NAN	
23,08	-1,1775	2,94	NAN	
23,1	-1,1655	2,93	NAN	
23,12	-1,149	2,93	NAN	
23,14	-1,2105	2,92	NAN	
23,16	-1,203	2,92	NAN	
23,18	-1,3455	2,905	NAN	
23,2	-1,3005	2,905	NAN	
23,22	-1,29	2,895	NAN	
23,24	-1,3005	2,895	NAN	
23,26	-1,1115	2,885	NAN	
23,28	-1,275	2,885	NAN	
23,3	-1,2615	2,87	NAN	
23,32	-1,3695	2,87	NAN	
23,34	-1,368	2,86	NAN	
23,36	-1,3875	2,855	NAN	
23,38	-1,5825	2,855	NAN	
23,4	-1,5405	2,84	NAN	
23,42	-1,446	2,835	NAN	
23,44	-1,5525	2,83	NAN	
23,46	-1,659	2,825	NAN	
23,48	-1,6545	2,815	NAN	
23,5	-1,551	2,815	NAN	
23,52	-1,6605	2,805	NAN	
23,54	-1,779	2,8	NAN	
23,56	-1,6995	2,79	NAN	
23,58	-1,596	2,785	NAN	
23,6	-1,8705	2,78	NAN	
23,62	-1,6575	2,77	NAN	
23,64	-1,6905	2,77	NAN	
23,66	-1,836	2,76	NAN	
23,68	-1,5705	2,76	NAN	
23,7	-1,674	2,745	NAN	
23,72	-1,605	2,745	NAN	
23,74	-1,5975	2,735	NAN	
23,76	-1,5855	2,73	NAN	
23,78	-1,77	2,72	NAN	
23,8	-1,6785	2,72	NAN	
23,82	-1,7865	2,71	NAN	
23,84	-1,5855	2,705	NAN	
23,86	-1,662	2,7	NAN	
23,88	-1,6545	2,69	NAN	
23,9	-1,6605	2,685	NAN	
23,92	-1,8435	2,68	NAN	
23,94	-1,731	2,67	NAN	
23,96	-1,731	2,665	NAN	
23,98	-1,716	2,66	NAN	
24	-1,5945	2,65	NAN	
24,02	-1,6185	2,65	NAN	
24,04	-1,5735	2,63	NAN	
24,06	-1,6665	2,635	NAN	
24,08	-1,4415	2,615	NAN	
24,1	-1,341	2,625	NAN	
24,12	-1,2885	2,61	NAN	
24,14	-1,278	2,61	NAN	
24,16	-1,3065	2,595	NAN	
24,18	-1,1745	2,595	NAN	
24,2	-1,2165	2,59	NAN	
24,22	-1,2	2,585	NAN	
24,24	-1,0995	2,58	NAN	
24,26	-1,101	2,57	NAN	
24,28	-1,1745	2,565	NAN	
24,3	-1,1235	2,55	NAN	
24,32	-1,0965	2,55	NAN	
24,34	-1,1175	2,54	NAN	
24,36	-1,1055	2,535	NAN	
24,38	-1,0545	2,525	NAN	
24,4	-1,0875	2,525	NAN	
24,42	-1,1025	2,51	NAN	
24,44	-1,047	2,51	NAN	
24,46	-0,906	2,5	NAN	
24,48	-0,9945	2,495	NAN	
24,5	-0,9315	2,485	NAN	
24,52	-0,9015	2,485	NAN	
24,54	-0,933	2,475	NAN	
24,56	-0,69	2,47	NAN	
24,58	-0,699	2,465	NAN	
24,6	-0,6105	2,455	NAN	
24,62	-0,657	2,45	NAN	
24,64	-0,7245	2,44	NAN	
24,66	-0,8175	2,44	NAN	
24,68	-0,618	2,425	NAN	
24,7	-0,8085	2,425	NAN	
24,72	-0,639	2,41	NAN	
24,74	-0,705	2,415	NAN	
24,76	-0,588	2,395	NAN	
24,78	-0,684	2,395	NAN	
24,8	-0,7815	2,38	NAN	
24,82	-0,6555	2,38	NAN	
24,84	-0,666	2,37	NAN	
24,86	-0,576	2,37	NAN	
24,88	-0,7035	2,36	NAN	
24,9	-0,6375	2,35	NAN	
24,92	-0,5265	2,35	NAN	
24,94	-0,7095	2,335	NAN	
24,96	-0,4725	2,335	NAN	
24,98	-0,519	2,32	NAN	
25	-0,255	2,325	NAN	
25,02	-0,345	2,305	NAN	
25,04	-0,378	2,31	NAN	
25,06	-0,3585	2,295	NAN	
25,08	-0,606	2,295	NAN	
25,1	-0,3195	2,28	NAN	
25,12	-0,27	2,28	NAN	
25,14	-0,444	2,275	NAN	
25,16	-0,459	2,265	NAN	
25,18	-0,576	2,255	NAN	
25,2	-0,4905	2,25	NAN	
25,22	-0,4725	2,245	NAN	
25,24	-0,417	2,235	NAN	
25,26	-0,429	2,23	NAN	
25,28	-0,411	2,225	NAN	
25,3	-0,5205	2,22	NAN	
25,32	-0,483	2,205	NAN	
25,34	-0,4455	2,205	NAN	
25,36	-0,4665	2,19	NAN	
25,38	-0,2715	2,19	NAN	
25,4	-0,4395	2,175	NAN	
25,42	-0,2415	2,18	NAN	
25,44	-0,147	2,165	NAN	
25,46	-0,156	2,165	NAN	
25,48	-0,2775	2,15	NAN	
25,5	-0,348	2,15	NAN	
25,52	-0,2235	2,14	NAN	
25,54	-0,294	2,135	NAN	
25,56	-0,1875	2,13	NAN	
25,58	-0,282	2,12	NAN	
25,6	-0,4125	2,12	NAN	
25,62	-0,4215	2,11	NAN	
25,64	-0,36	2,105	NAN	
25,66	-0,366	2,095	NAN	
25,68	-0,2985	2,095	NAN	
25,7	-0,288	2,08	NAN	
25,72	-0,354	2,085	NAN	
25,74	-0,234	2,065	NAN	
25,76	-0,2985	2,065	NAN	
25,78	-0,291	2,05	NAN	
25,8	-0,0945	2,055	NAN	
25,82	-0,105	2,04	NAN	
25,84	-0,003	2,04	NAN	
25,86	-0,045	2,03	NAN	
25,88	-0,1335	2,03	NAN	
25,9	-0,135	2,025	NAN	
25,92	-0,1725	2,015	NAN	
25,94	-0,129	2,01	NAN	
25,96	-0,258	2	NAN	
25,98	-0,024	2	NAN	
26	-0,072	1,985	NAN	
26,02	-0,219	1,985	NAN	
26,04	-0,1935	1,97	NAN	
26,06	-0,1125	1,975	NAN	
26,08	-0,252	1,96	NAN	
26,1	-0,183	1,965	NAN	
26,12	-0,096	1,94	NAN	
26,14	-0,0915	1,945	NAN	
26,16	-0,117	1,935	NAN	
26,18	-0,0705	1,935	NAN	
26,2	-0,1245	1,925	NAN	
26,22	-0,1275	1,92	NAN	
26,24	0,0495	1,915	NAN	
26,26	-0,0015	1,915	NAN	
26,28	0,057	1,905	NAN	
26,3	-0,0225	1,89	NAN	
26,32	0,072	1,895	NAN	
26,34	-0,018	1,88	NAN	
26,36	0,0285	1,88	NAN	
26,38	0,102	1,87	NAN	
26,4	-0,1335	1,87	NAN	
26,42	-0,054	1,855	NAN	
26,44	-0,1875	1,86	NAN	
26,46	-0,0045	1,84	NAN	
26,48	-0,153	1,845	NAN	
26,5	-0,072	1,83	NAN	
26,52	-0,0465	1,83	NAN	
26,54	-0,1005	1,82	NAN	
26,56	-0,1005	1,825	NAN	
26,58	-0,048	1,81	NAN	
26,6	-0,039	1,805	NAN	
26,62	0,0225	1,8	NAN	
26,64	-0,1125	1,795	NAN	
26,66	0,066	1,79	NAN	
26,68	0,126	1,78	NAN	
26,7	0,15	1,775	NAN	
26,72	0,0825	1,765	NAN	
26,74	0,189	1,76	NAN	
26,76	0,0285	1,755	NAN	
26,78	0,033	1,755	NAN	
26,8	0,102	1,745	NAN	
26,82	0,066	1,745	NAN	
26,84	0,0945	1,735	NAN	
26,86	-0,09	1,735	NAN	
26,88	-0,0375	1,725	NAN	
26,9	0,0015	1,715	NAN	
26,92	-0,051	1,71	NAN	
26,94	0,111	1,705	NAN	
26,96	-0,0315	1,705	NAN	
26,98	-0,0555	1,69	NAN	
27	0,033	1,695	NAN	
27,02	0,0195	1,68	NAN	
27,04	0,1245	1,685	NAN	
27,06	0,0105	1,665	NAN	
27,08	0,2505	1,67	NAN	
27,1	0,306	1,655	NAN	
27,12	0,279	1,66	NAN	
27,14	0,2145	1,65	NAN	
27,16	0,1665	1,65	NAN	
27,18	0,342	1,64	NAN	
27,2	0,1335	1,64	NAN	
27,22	0,0285	1,63	NAN	
27,24	0,1845	1,625	NAN	
27,26	0,147	1,62	NAN	
27,28	0,2325	1,615	NAN	
27,3	0,066	1,61	NAN	
27,32	0,0135	1,6	NAN	
27,34	0,084	1,6	NAN	
27,36	0,1335	1,59	NAN	
27,38	0,0735	1,595	NAN	
27,4	0,1155	1,58	NAN	
27,42	0,123	1,585	NAN	
27,44	0,0555	1,57	NAN	
27,46	-0,0555	1,57	NAN	
27,48	0,0825	1,555	NAN	
27,5	0,1515	1,56	NAN	
27,52	0,294	1,545	NAN	
27,54	0,189	1,55	NAN	
27,56	0,2805	1,54	NAN	
27,58	0,303	1,54	NAN	
27,6	0,315	1,53	NAN	
27,62	0,2865	1,525	NAN	
27,64	0,162	1,525	NAN	
27,66	0,237	1,515	NAN	
27,68	0,2415	1,51	NAN	
27,7	0,2325	1,505	NAN	
27,72	0,1695	1,5	NAN	
27,74	0,1935	1,49	NAN	
27,76	0,0885	1,495	NAN	
27,78	0,0105	1,48	NAN	
27,8	0,0915	1,48	NAN	
27,82	0,183	1,47	NAN	
27,84	0,168	1,47	NAN	
27,86	0,102	1,455	NAN	
27,88	0,1965	1,46	NAN	
27,9	0,135	1,45	NAN	
27,92	0,195	1,45	NAN	
27,94	0,3045	1,44	NAN	
27,96	0,2925	1,44	NAN	
27,98	0,342	1,435	NAN	
28	0,2475	1,43	NAN	
28,02	0,2625	1,42	NAN	
28,04	0,2805	1,42	NAN	
28,06	0,327	1,415	NAN	
28,08	0,252	1,4	NAN	
28,1	0,2325	1,405	NAN	
28,12	0,3675	1,395	NAN	
28,14	0,1515	1,395	NAN	
28,16	-0,0375	1,38	NAN	
28,18	0,1185	1,38	NAN	
28,2	0,2085	1,37	NAN	
28,22	0,276	1,37	NAN	
28,24	0,12	1,36	NAN	
28,26	0,2145	1,365	NAN	
28,28	0,2175	1,355	NAN	
28,3	0,3105	1,35	NAN	
28,32	0,135	1,345	NAN	
28,34	0,1185	1,34	NAN	
28,36	0,4425	1,34	NAN	
28,38	0,372	1,33	NAN	
28,4	0,2235	1,33	NAN	
28,42	0,2535	1,32	NAN	
28,44	0,3135	1,32	NAN	
28,46	0,4185	1,305	NAN	
28,48	0,3105	1,31	NAN	
28,5	0,2115	1,3	NAN	
28,52	0,159	1,3	NAN	
28,54	0,3585	1,29	NAN	
28,56	0,282	1,29	NAN	
28,58	0,2925	1,285	NAN	
28,6	0,21	1,28	NAN	
28,62	0,1935	1,275	NAN	
28,64	0,237	1,265	NAN	
28,66	0,1905	1,265	NAN	
28,68	0,075	1,265	NAN	
28,7	0,207	1,255	NAN	
28,72	0,3045	1,245	NAN	
28,74	0,1035	1,24	NAN	
28,76	0,186	1,235	NAN	
28,78	0,2805	1,235	NAN	
28,8	0,4785	1,22	NAN	
28,82	0,315	1,225	NAN	
28,84	0,366	1,215	NAN	
28,86	0,336	1,21	NAN	
28,88	0,324	1,205	NAN	
28,9	0,147	1,205	NAN	
28,92	0,2745	1,195	NAN	
28,94	0,2655	1,195	NAN	
28,96	0,2325	1,185	NAN	
28,98	0,324	1,18	NAN	
29	0,234	1,175	NAN	
29,02	0,2715	1,17	NAN	
29,04	0,2085	1,17	NAN	
29,06	0,0945	1,16	NAN	
29,08	0,213	1,16	NAN	
29,1	0,2985	1,15	NAN	
29,12	0,1755	1,15	NAN	
29,14	0,15	1,14	NAN	
29,16	0,234	1,14	NAN	
29,18	0,1845	1,13	NAN	
29,2	0,207	1,13	NAN	
29,22	0,3735	1,115	NAN	
29,24	0,4035	1,12	NAN	
29,26	0,3915	1,105	NAN	
29,28	0,291	1,11	NAN	
29,3	0,3705	1,1	NAN	
29,32	0,2835	1,1	NAN	
29,34	0,2355	1,095	NAN	
29,36	0,297	1,09	NAN	
29,38	0,2505	1,08	NAN	
29,4	0,363	1,075	NAN	
29,42	0,2535	1,08	NAN	
29,44	0,189	1,07	NAN	
29,46	0,1305	1,065	NAN	
29,48	0,225	1,06	NAN	
29,5	0,3735	1,06	NAN	
29,52	0,117	1,045	NAN	
29,54	0,336	1,05	NAN	
29,56	0,153	1,03	NAN	
29,58	0,2325	1,035	NAN	
29,6	0,288	1,025	NAN	
29,62	0,1905	1,025	NAN	
29,64	0,378	1,015	NAN	
29,66	0,435	1,015	NAN	
29,68	0,489	1,01	NAN	
29,7	0,4755	1,005	NAN	
29,72	0,3525	1	NAN	
29,74	0,2355	0,995	NAN	
29,76	0,3195	0,995	NAN	
29,78	0,282	0,985	NAN	
29,8	0,225	0,985	NAN	
29,82	0,321	0,975	NAN	
29,84	0,2175	0,975	NAN	
29,86	0,2745	0,965	NAN	
29,88	0,36	0,965	NAN	
29,9	0,309	0,96	NAN	
29,92	0,33	0,96	NAN	
29,94	0,2085	0,95	NAN	
29,96	0,138	0,95	NAN	
29,98	0,2685	0,935	NAN	
30	0,282	0,945	NAN	
30,02	0,1605	0,93	NAN	
30,04	0,195	0,93	NAN	
30,06	0,423	0,925	NAN	
30,08	0,4665	0,92	NAN	
30,1	0,399	0,92	NAN	
30,12	0,3225	0,91	NAN	
30,14	0,339	0,91	NAN	
30,16	0,4665	0,905	NAN	
30,18	0,33	0,9	NAN	
30,2	0,327	0,89	NAN	
30,22	0,252	0,89	NAN	
30,24	0,345	0,885	NAN	
30,26	0,258	0,885	NAN	
30,28	0,2385	0,87	NAN	
30,3	0,1935	0,88	NAN	
30,32	0,2955	0,865	NAN	
30,34	0,327	0,87	NAN	
30,36	0,162	0,86	NAN	
30,38	0,1365	0,86	NAN	
30,4	0,2835	0,855	NAN	
30,42	0,33	0,85	NAN	
30,44	0,2415	0,85	NAN	
30,46	0,186	0,845	NAN	
30,48	0,2205	0,84	NAN	
30,5	0,426	0,83	NAN	
30,52	0,306	0,835	NAN	
30,54	0,4245	0,825	NAN	
30,56	0,45	0,825	NAN	
30,58	0,4215	0,815	NAN	
30,6	0,438	0,82	NAN	
30,62	0,312	0,805	NAN	
30,64	0,4155	0,81	NAN	
30,66	0,4155	0,805	NAN	
30,68	0,3345	0,805	NAN	
30,7	0,273	0,79	NAN	
30,72	0,2925	0,795	NAN	
30,74	0,066	0,79	NAN	
30,76	0,2805	0,785	NAN	
30,78	0,222	0,785	NAN	
30,8	0,3675	0,775	NAN	
30,82	0,399	0,775	NAN	
30,84	0,159	0,77	NAN	
30,86	0,1005	0,77	NAN	
30,88	0,1845	0,755	NAN	
30,9	0,318	0,765	NAN	
30,92	0,4875	0,755	NAN	
30,94	0,4185	0,755	NAN	
30,96	0,498	0,75	NAN	
30,98	0,426	0,75	NAN	
31	0,4875	0,745	NAN	
31,02	0,2865	0,74	NAN	
31,04	0,2745	0,74	NAN	
31,06	0,336	0,735	NAN	
31,08	0,534	0,73	NAN	
31,1	0,3285	0,73	NAN	
31,12	0,3315	0,725	NAN	
31,14	0,2745	0,725	NAN	
31,16	0,288	0,72	NAN	
31,18	0,2475	0,715	NAN	
31,2	0,2685	0,71	NAN	
31,22	0,1635	0,71	NAN	
31,24	0,3855	0,7	NAN	
31,26	0,288	0,705	NAN	
31,28	0,144	0,695	NAN	
31,3	0,1545	0,7	NAN	
31,32	0,249	0,685	NAN	
31,34	0,3915	0,69	NAN	
31,36	0,3405	0,68	NAN	
31,38	0,444	0,685	NAN	
31,4	0,3225	0,675	NAN	
31,42	0,297	0,675	NAN	
31,44	0,3645	0,68	NAN	
31,46	0,324	0,675	NAN	
31,48	0,3975	0,67	NAN	
31,5	0,414	0,665	NAN	
31,52	0,2985	0,665	NAN	
31,54	0,2145	0,66	NAN	
31,56	0,213	0,655	NAN	
31,58	0,1605	0,655	NAN	
31,6	0,084	0,655	NAN	
31,62	0,2505	0,645	NAN	
31,64	0,3285	0,65	NAN	
31,66	0,1095	0,64	NAN	
31,68	0,255	0,645	NAN	
31,7	0,186	0,63	NAN	
31,72	0,1635	0,64	NAN	
31,74	0,216	0,63	NAN	
31,76	0,3525	0,635	NAN	
31,78	0,2955	0,63	NAN	
31,8	0,4155	0,625	NAN	
31,82	0,414	0,62	NAN	
31,84	0,3015	0,62	NAN	
31,86	0,414	0,62	NAN	
31,88	0,39	0,615	NAN	
31,9	0,2655	0,615	NAN	
31,92	0,366	0,605	NAN	
31,94	0,4035	0,61	NAN	
31,96	0,423	0,6	NAN	
31,98	0,318	0,605	NAN	
32	0,156	0,595	NAN	
32,02	0,138	0,6	NAN	
32,04	0,2475	0,59	NAN	
32,06	0,12	0,595	NAN	
32,08	0,276	0,585	NAN	
32,1	0,2985	0,585	NAN	
32,12	0,2355	0,58	NAN	
32,14	0,2415	0,585	NAN	
32,16	0,273	0,575	NAN	
32,18	0,3195	0,58	NAN	
32,2	0,4515	0,57	NAN	
32,22	0,411	0,575	NAN	
32,24	0,474	0,575	NAN	
32,26	0,3795	0,57	NAN	
32,28	0,4185	0,57	NAN	
32,3	0,369	0,565	NAN	
32,32	0,276	0,57	NAN	
32,34	0,252	0,56	NAN	
32,36	0,2565	0,565	NAN	
32,38	0,2805	0,555	NAN	
32,4	0,258	0,555	NAN	
32,42	0,096	0,55	NAN	
32,44	0,2265	0,56	NAN	
32,46	0,057	0,545	NAN	
32,48	0,171	0,55	NAN	
32,5	0,162	0,545	NAN	
32,52	0,1335	0,545	NAN	
32,54	0,1995	0,54	NAN	
32,56	0,21	0,54	NAN	
32,58	0,3945	0,54	NAN	
32,6	0,2205	0,535	NAN	
32,62	0,3615	0,535	NAN	
32,64	0,351	0,53	NAN	
32,66	0,246	0,535	NAN	
32,68	0,351	0,525	NAN	
32,7	0,315	0,53	NAN	
32,72	0,24	0,525	NAN	
32,74	0,1965	0,525	NAN	
32,76	0,342	0,52	NAN	
32,78	0,1725	0,525	NAN	
32,8	0,144	0,52	NAN	
32,82	0,2565	0,515	NAN	
32,84	0,243	0,515	NAN	
32,86	0,213	0,515	NAN	
32,88	0,1935	0,51	NAN	
32,9	0,108	0,51	NAN	
32,92	0,087	0,51	NAN	
32,94	0,0405	0,5	NAN	
32,96	0,3015	0,51	NAN	
32,98	0,09	0,505	NAN	
33	0,1965	0,505	NAN	
33,02	0,282	0,5	NAN	
33,04	0,2445	0,505	NAN	
33,06	0,3495	0,495	NAN	
33,08	0,3165	0,5	NAN	
33,1	0,198	0,49	NAN	
33,12	0,2655	0,495	NAN	
33,14	0,282	0,49	NAN	
33,16	0,393	0,49	NAN	
33,18	0,3675	0,49	NAN	
33,2	0,2085	0,49	NAN	
33,22	0,135	0,495	NAN	
33,24	0,213	0,485	NAN	
33,26	0,1005	0,49	NAN	
33,28	0,1875	0,48	NAN	
33,3	0,0795	0,485	NAN	
33,32	0,1575	0,48	NAN	
33,34	0,0945	0,485	NAN	
33,36	-0,0015	0,475	NAN	
33,38	0,1905	0,48	NAN	
33,4	0,1365	0,475	NAN	
33,42	0,2955	0,475	NAN	
33,44	0,0855	0,475	NAN	
33,46	0,2535	0,475	NAN	
33,48	0,2745	0,475	NAN	
33,5	0,2175	0,47	NAN	
33,52	0,2685	0,47	NAN	
33,54	0,3465	0,47	NAN	
33,56	0,3315	0,47	NAN	
33,58	0,258	0,47	NAN	
33,6	0,198	0,47	NAN	
33,62	0,2565	0,465	NAN	
33,64	0,3015	0,47	NAN	
33,66	0,3225	0,46	NAN	
33,68	0,3105	0,47	NAN	
33,7	0,2295	0,455	NAN	
33,72	0,084	0,465	NAN	
33,74	0,279	0,455	NAN	
33,76	0,1755	0,465	NAN	
33,78	0,1155	0,46	NAN	
33,8	0,1365	0,46	NAN	
33,82	0,3255	0,46	NAN	
33,84	0,147	0,455	NAN	
33,86	0,141	0,46	NAN	
33,88	0,261	0,455	NAN	
33,9	0,3345	0,46	NAN	
33,92	0,537	0,455	NAN	
33,94	0,3195	0,46	NAN	
33,96	0,3495	0,45	NAN	
33,98	0,2835	0,455	NAN	
34	0,3675	0,455	NAN	
34,02	0,2685	0,455	NAN	
34,04	0,3405	0,455	NAN	
34,06	0,399	0,46	NAN	
34,08	0,2805	0,455	NAN	
34,1	0,1875	0,455	NAN	
34,12	0,126	0,45	NAN	
34,14	0,09	0,45	NAN	
34,16	0,06	0,45	NAN	
34,18	0,189	0,445	NAN	
34,2	0,189	0,455	NAN	
34,22	0,2865	0,445	NAN	
34,24	0,1635	0,455	NAN	
34,26	0,174	0,445	NAN	
34,28	0,2355	0,45	NAN	
34,3	0,2925	0,45	NAN	
34,32	0,216	0,45	NAN	
34,34	0,42	0,445	NAN	
34,36	0,4365	0,45	NAN	
34,38	0,375	0,445	NAN	
34,4	0,3705	0,455	NAN	
34,42	0,36	0,45	NAN	
34,44	0,285	0,45	NAN	
34,46	0,261	0,455	NAN	
34,48	0,3015	0,45	NAN	
34,5	0,288	0,45	NAN	
34,52	0,27	0,45	NAN	
34,54	0,012	0,455	NAN	
34,56	0,288	0,45	NAN	
34,58	0,0945	0,455	NAN	
34,6	0,1455	0,445	NAN	
34,62	0,093	0,45	NAN	
34,64	0,0585	0,44	NAN	
34,66	0,156	0,455	NAN	
34,68	0,1815	0,445	NAN	
34,7	0,2325	0,455	NAN	
34,72	0,117	0,445	NAN	
34,74	0,186	0,455	NAN	
34,76	0,3465	0,45	NAN	
34,78	0,2505	0,45	NAN	
34,8	0,2175	0,45	NAN	
34,82	0,321	0,45	NAN	
34,84	0,4875	0,45	NAN	
34,86	0,3105	0,45	NAN	
34,88	0,267	0,455	NAN	
34,9	0,2085	0,455	NAN	
34,92	0,339	0,455	NAN	
34,94	0,2205	0,45	NAN	
34,96	0,1455	0,455	NAN	
34,98	0,141	0,45	NAN	
35	0,2595	0,455	NAN	
35,02	0,2955	0,45	NAN	
35,04	0,2805	0,46	NAN	
35,06	0,1755	0,45	NAN	
35,08	0,0495	0,455	NAN	
35,1	0,2025	0,46	NAN	
35,12	0,2385	0,455	NAN	
35,14	0,2325	0,46	NAN	
35,16	0,108	0,455	NAN	
35,18	0,294	0,46	NAN	
35,2	0,297	0,46	NAN	
35,22	0,4275	0,46	NAN	
35,24	0,399	0,46	NAN	
35,26	0,2715	0,465	NAN	
35,28	0,246	0,46	NAN	
35,3	0,261	0,465	NAN	
35,32	0,222	0,46	NAN	
35,34	0,204	0,465	NAN	
35,36	0,2325	0,465	NAN	
35,38	0,228	0,46	NAN	
35,4	0,237	0,475	NAN	
35,42	0,15	0,46	NAN	
35,44	0,0885	0,47	NAN	
35,46	0,105	0,465	NAN	
35,48	0,2415	0,47	NAN	
35,5	0,2175	0,47	NAN	
35,52	0,3375	0,47	NAN	
35,54	0,258	0,47	NAN	
35,56	0,279	0,465	NAN	
35,58	0,3045	0,475	NAN	
35,6	0,2985	0,465	NAN	
35,62	0,429	0,475	NAN	
35,64	0,375	0,475	NAN	
35,66	0,228	0,475	NAN	
35,68	0,345	0,48	NAN	
35,7	0,408	0,475	NAN	
35,72	0,2145	0,48	NAN	
35,74	0,309	0,48	NAN	
35,76	0,243	0,48	NAN	
35,78	0,3765	0,48	NAN	
35,8	0,2865	0,48	NAN	
35,82	0,0675	0,49	NAN	
35,84	0,2655	0,475	NAN	
35,86	0,132	0,485	NAN	
35,88	0,2745	0,48	NAN	
35,9	0,291	0,49	NAN	
35,92	0,2115	0,485	NAN	
35,94	0,204	0,49	NAN	
35,96	0,279	0,49	NAN	
35,98	0,132	0,485	NAN	
36	0,2235	0,495	NAN	
36,02	0,114	0,485	NAN	
36,04	0,3255	0,495	NAN	
36,06	0,516	0,495	NAN	
36,08	0,2655	0,495	NAN	
36,1	0,2805	0,495	NAN	
36,12	0,378	0,5	NAN	
36,14	0,3	0,49	NAN	
36,16	0,147	0,505	NAN	
36,18	0,2805	0,5	NAN	
36,2	0,2775	0,5	NAN	
36,22	0,183	0,5	NAN	
36,24	0,246	0,5	NAN	
36,26	0,1515	0,505	NAN	
36,28	0,336	0,505	NAN	
36,3	0,2265	0,505	NAN	
36,32	0,141	0,51	NAN	
36,34	0,051	0,515	NAN	
36,36	0,219	0,51	NAN	
36,38	0,1215	0,515	NAN	
36,4	0,144	0,51	NAN	
36,42	0,12	0,525	NAN	
36,44	0,2295	0,515	NAN	
36,46	0,3315	0,525	NAN	
36,48	0,177	0,52	NAN	
36,5	0,273	0,525	NAN	
36,52	0,2265	0,52	NAN	
36,54	0,2865	0,525	NAN	
36,56	0,1815	0,525	NAN	
36,58	0,21	0,53	NAN	
36,6	0,1965	0,525	NAN	
36,62	0,1815	0,53	NAN	
36,64	0,1725	0,53	NAN	
36,66	0,285	0,535	NAN	
36,68	0,2175	0,54	NAN	
36,7	0,2625	0,535	NAN	
36,72	0,132	0,55	NAN	
36,74	0,138	0,545	NAN	
36,76	0,1545	0,55	NAN	
36,78	0,2955	0,54	NAN	
36,8	0,1995	0,555	NAN	
36,82	0,132	0,55	NAN	
36,84	0,1335	0,555	NAN	
36,86	0,2985	0,545	NAN	
36,88	0,3195	0,555	NAN	
36,9	0,375	0,555	NAN	
36,92	0,3195	0,56	NAN	
36,94	0,384	0,555	NAN	
36,96	0,351	0,565	NAN	
36,98	0,243	0,565	NAN	
37	0,273	0,57	NAN	
37,02	0,195	0,565	NAN	
37,04	0,3165	0,57	NAN	
37,06	0,288	0,575	NAN	
37,08	0,3405	0,575	NAN	
37,1	0,207	0,58	NAN	
37,12	0,1575	0,575	NAN	
37,14	0,09	0,58	NAN	
37,16	0,132	0,58	NAN	
37,18	0,1425	0,59	NAN	
37,2	0,147	0,585	NAN	
37,22	0,0075	0,59	NAN	
37,24	0,162	0,595	NAN	
37,26	0,186	0,6	NAN	
37,28	0,1665	0,59	NAN	
37,3	0,21	0,605	NAN	
37,32	0,3195	0,595	NAN	
37,34	0,327	0,605	NAN	
37,36	0,414	0,605	NAN	
37,38	0,3285	0,61	NAN	
37,4	0,351	0,61	NAN	
37,42	0,27	0,615	NAN	
37,44	0,234	0,62	NAN	
37,46	0,12	0,62	NAN	
37,48	0,123	0,625	NAN	
37,5	0,234	0,62	NAN	
37,52	0,1545	0,64	NAN	
37,54	0,1125	0,625	NAN	
37,56	0,2235	0,635	NAN	
37,58	0,153	0,63	NAN	
37,6	0,159	0,64	NAN	
37,62	0,195	0,635	NAN	
37,64	0,255	0,645	NAN	
37,66	0,2865	0,64	NAN	
37,68	0,2745	0,65	NAN	
37,7	0,18	0,64	NAN	
37,72	0,318	0,65	NAN	
37,74	0,3675	0,655	NAN	
37,76	0,2565	0,655	NAN	
37,78	0,339	0,665	NAN	
37,8	0,372	0,66	NAN	
37,82	0,288	0,67	NAN	
37,84	0,21	0,665	NAN	
37,86	0,381	0,675	NAN	
37,88	0,3555	0,67	NAN	
37,9	0,225	0,68	NAN	
37,92	0,1935	0,675	NAN	
37,94	0,279	0,68	NAN	
37,96	0,2475	0,68	NAN	
37,98	0,0885	0,685	NAN	
38	0,2445	0,685	NAN	
38,02	0,273	0,695	NAN	
38,04	0,2025	0,69	NAN	
38,06	0,2775	0,695	NAN	
38,08	0,2535	0,695	NAN	
38,1	0,1305	0,7	NAN	
38,12	0,3435	0,71	NAN	
38,14	0,18	0,705	NAN	
38,16	0,345	0,71	NAN	
38,18	0,4065	0,715	NAN	
38,2	0,3735	0,715	NAN	
38,22	0,399	0,715	NAN	
38,24	0,345	0,73	NAN	
38,26	0,327	0,72	NAN	
38,28	0,258	0,725	NAN	
38,3	0,3765	0,73	NAN	
38,32	0,321	0,735	NAN	
38,34	0,132	0,735	NAN	
38,36	0,2715	0,74	NAN	
38,38	0,045	0,745	NAN	
38,4	0,129	0,745	NAN	
38,42	0,1245	0,75	NAN	
38,44	0,1515	0,75	NAN	
38,46	0,1515	0,755	NAN	
38,48	0,177	0,755	NAN	
38,5	0,315	0,76	NAN	
38,52	0,111	0,76	NAN	
38,54	0,1035	0,77	NAN	
38,56	0,2175	0,765	NAN	
38,58	0,2775	0,775	NAN	
38,6	0,408	0,77	NAN	
38,62	0,354	0,78	NAN	
38,64	0,237	0,785	NAN	
38,66	0,3135	0,79	NAN	
38,68	0,3705	0,78	NAN	
38,7	0,399	0,79	NAN	
38,72	0,243	0,795	NAN	
38,74	0,1755	0,795	NAN	
38,76	0,213	0,8	NAN	
38,78	0,261	0,805	NAN	
38,8	0,138	0,8	NAN	
38,82	0,2265	0,805	NAN	
38,84	0,093	0,81	NAN	
38,86	0,1695	0,815	NAN	
38,88	0,0135	0,82	NAN	
38,9	0,1605	0,815	NAN	
38,92	0,282	0,825	NAN	
38,94	0,222	0,82	NAN	
38,96	0,1365	0,83	NAN	
38,98	0,168	0,83	NAN	
39	0,3	0,84	NAN	
39,02	0,315	0,835	NAN	
39,04	0,4395	0,845	NAN	
39,06	0,2865	0,845	NAN	
39,08	0,4215	0,85	NAN	
39,1	0,435	0,86	NAN	
39,12	0,2775	0,855	NAN	
39,14	0,2715	0,86	NAN	
39,16	0,393	0,86	NAN	
39,18	0,2895	0,87	NAN	
39,2	0,1935	0,865	NAN	
39,22	0,0885	0,875	NAN	
39,24	0,15	0,87	NAN	
39,26	0,1455	0,885	NAN	
39,28	0,258	0,875	NAN	
39,3	0,0885	0,89	NAN	
39,32	0,1815	0,885	NAN	
39,34	0,3135	0,89	NAN	
39,36	0,2685	0,89	NAN	
39,38	0,0975	0,9	NAN	
39,4	0,1215	0,9	NAN	
39,42	0,273	0,905	NAN	
39,44	0,336	0,915	NAN	
39,46	0,5145	0,91	NAN	
39,48	0,339	0,915	NAN	
39,5	0,318	0,92	NAN	
39,52	0,369	0,93	NAN	
39,54	0,2805	0,925	NAN	
39,56	0,3735	0,935	NAN	
39,58	0,4125	0,935	NAN	
39,6	0,1935	0,945	NAN	
39,62	0,192	0,935	NAN	
39,64	0,27	0,95	NAN	
39,66	0,1725	0,945	NAN	
39,68	0,105	0,955	NAN	
39,7	0,0915	0,955	NAN	
39,72	0,1485	0,965	NAN	
39,74	0,1935	0,965	NAN	
39,76	0,2025	0,965	NAN	
39,78	0,126	0,97	NAN	
39,8	0,132	0,975	NAN	
39,82	0,141	0,98	NAN	
39,84	0,2265	0,98	NAN	
39,86	0,2565	1	NAN	
39,88	0,2835	0,985	NAN	
39,9	0,417	0,995	NAN	
39,92	0,3315	0,995	NAN	
39,94	0,2835	1,005	NAN	
39,96	0,228	1,01	NAN	
39,98	0,2895	1,01	NAN	
40	0,183	1,015	NAN	
40,02	0,1845	1,015	NAN	
40,04	0,246	1,02	NAN	
40,06	0,1995	1,025	NAN	
40,08	0,201	1,03	NAN	
40,1	0,1905	1,035	NAN	
40,12	0,1635	1,04	NAN	
40,14	0,237	1,045	NAN	
40,16	0,1125	1,05	NAN	
40,18	0,108	1,05	NAN	
40,2	0,0435	1,06	NAN	
40,22	0,1395	1,06	NAN	
40,24	0,2175	1,065	NAN	
40,26	0,267	1,07	NAN	
40,28	0,198	1,075	NAN	
40,3	0,2145	1,075	NAN	
40,32	0,336	1,08	NAN	
40,34	0,3075	1,085	NAN	
40,36	0,3345	1,095	NAN	
40,38	0,4845	1,095	NAN	
40,4	0,258	1,095	NAN	
40,42	0,1575	1,105	NAN	
40,44	0,2265	1,11	NAN	
40,46	0,2445	1,11	NAN	
40,48	0,3345	1,115	NAN	
40,5	0,2505	1,12	NAN	
40,52	0,1905	1,125	NAN	
40,54	0,1965	1,13	NAN	
40,56	0,1275	1,125	NAN	
40,58	0,189	1,14	NAN	
40,6	0,2535	1,135	NAN	
40,62	0,195	1,145	NAN	
40,64	0,1605	1,145	NAN	
40,66	0,183	1,155	NAN	
40,68	0,189	1,15	NAN	
40,7	0,2655	1,16	NAN	
40,72	0,339	1,165	NAN	
40,74	0,3405	1,17	NAN	
40,76	0,369	1,17	NAN	
40,78	0,5025	1,175	NAN	
40,8	0,255	1,18	NAN	
40,82	0,2955	1,185	NAN	
40,84	0,3525	1,19	NAN	
40,86	0,1785	1,19	NAN	
40,88	0,3045	1,2	NAN	
40,9	0,279	1,2	NAN	
40,92	0,273	1,21	NAN	
40,94	0,1305	1,21	NAN	
40,96	0,1455	1,22	NAN	
40,98	0,1845	1,21	NAN	
41	0,147	1,225	NAN	
41,02	0,1905	1,22	NAN	
41,04	0,132	1,23	NAN	
41,06	0,27	1,23	NAN	
41,08	0,1245	1,24	NAN	
41,1	0,114	1,24	NAN	
41,12	0,2655	1,245	NAN	
41,14	0,3435	1,25	NAN	
41,16	0,4485	1,25	NAN	
41,18	0,3045	1,255	NAN	
41,2	0,4485	1,26	NAN	
41,22	0,294	1,27	NAN	
41,24	0,222	1,265	NAN	
41,26	0,1725	1,28	NAN	
41,28	0,231	1,275	NAN	
41,3	0,2895	1,285	NAN	
41,32	0,1935	1,29	NAN	
41,34	0,2025	1,29	NAN	
41,36	0,0855	1,29	NAN	
41,38	0,1455	1,3	NAN	
41,4	0,1485	1,3	NAN	
41,42	0,129	1,31	NAN	
41,44	0,1605	1,305	NAN	
41,46	0,1905	1,32	NAN	
41,48	0,1995	1,32	NAN	
41,5	0,117	1,33	NAN	
41,52	0,093	1,325	NAN	
41,54	0,183	1,335	NAN	
41,56	0,1815	1,335	NAN	
41,58	0,357	1,345	NAN	
41,6	0,345	1,35	NAN	
41,62	0,27	1,35	NAN	
41,64	0,258	1,36	NAN	
41,66	0,483	1,36	NAN	
41,68	0,3045	1,37	NAN	
41,7	0,243	1,37	NAN	
41,72	0,4575	1,375	NAN	
41,74	0,159	1,375	NAN	
41,76	0,168	1,385	NAN	
41,78	0,111	1,385	NAN	
41,8	0,1185	1,395	NAN	
41,82	0,1065	1,39	NAN	
41,84	0,1365	1,4	NAN	
41,86	0,102	1,4	NAN	
41,88	0,0435	1,41	NAN	
41,9	0,156	1,41	NAN	
41,92	0,1365	1,415	NAN	
41,94	0,0855	1,42	NAN	
41,96	0,3465	1,425	NAN	
41,98	0,0225	1,43	NAN	
42	0,327	1,44	NAN	
42,02	0,3525	1,445	NAN	
42,04	0,3855	1,445	NAN	
42,06	0,177	1,455	NAN	
42,08	0,1605	1,45	NAN	
42,1	0,1995	1,47	NAN	
42,12	0,1875	1,465	NAN	
42,14	0,216	1,47	NAN	
42,16	0,2445	1,465	NAN	
42,18	0,2295	1,485	NAN	
42,2	0,222	1,475	NAN	
42,22	0,1065	1,49	NAN	
42,24	-0,018	1,485	NAN	
42,26	0,15	1,5	NAN	
42,28	0,1485	1,495	NAN	
42,3	0,1395	1,505	NAN	
42,32	0,216	1,505	NAN	
42,34	0,0645	1,515	NAN	
42,36	-0,0315	1,515	NAN	
42,38	0,096	1,52	NAN	
42,4	0,075	1,53	NAN	
42,42	0,306	1,53	NAN	
42,44	0,3225	1,535	NAN	
42,46	0,147	1,54	NAN	
42,48	0,255	1,55	NAN	
42,5	0,1575	1,545	NAN	
42,52	0,3045	1,56	NAN	
42,54	0,171	1,555	NAN	
42,56	0,0975	1,565	NAN	
42,58	0,2085	1,56	NAN	
42,6	0,1995	1,575	NAN	
42,62	0,1875	1,575	NAN	
42,64	0,243	1,58	NAN	
42,66	0,171	1,585	NAN	
42,68	0,147	1,595	NAN	
42,7	0,0105	1,585	NAN	
42,72	0,09	1,6	NAN	
42,74	0,132	1,6	NAN	
42,76	0,051	1,605	NAN	
42,78	0,153	1,61	NAN	
42,8	0,138	1,615	NAN	
42,82	0,1005	1,62	NAN	
42,84	0,1095	1,625	NAN	
42,86	0,2775	1,635	NAN	
42,88	0,3165	1,63	NAN	
42,9	0,2325	1,64	NAN	
42,92	0,183	1,64	NAN	
42,94	0,2745	1,65	NAN	
42,96	0,051	1,65	NAN	
42,98	0,282	1,66	NAN	
43	0,165	1,655	NAN	
43,02	0,261	1,665	NAN	
43,04	0,12	1,665	NAN	
43,06	0,057	1,67	NAN	
43,08	0,1545	1,67	NAN	
43,1	0,1305	1,68	NAN	
43,12	0,1695	1,675	NAN	
43,14	0,186	1,69	NAN	
43,16	0,054	1,685	NAN	
43,18	0,0165	1,7	NAN	
43,2	0,093	1,7	NAN	
43,22	0,114	1,705	NAN	
43,24	0,033	1,705	NAN	
43,26	0,099	1,71	NAN	
43,28	0,2205	1,71	NAN	
43,3	0,294	1,72	NAN	
43,32	0,291	1,72	NAN	
43,34	0,339	1,725	NAN	
43,36	0,276	1,73	NAN	
43,38	0,1995	1,73	NAN	
43,4	0,225	1,745	NAN	
43,42	0,132	1,74	NAN	
43,44	0,225	1,755	NAN	
43,46	0,225	1,75	NAN	
43,48	0,057	1,76	NAN	
43,5	0,123	1,755	NAN	
43,52	0,0285	1,765	NAN	
43,54	0,1125	1,765	NAN	
43,56	0,0795	1,77	NAN	
43,58	0,1245	1,77	NAN	
43,6	0,1305	1,78	NAN	
43,62	0,0285	1,78	NAN	
43,64	0,1725	1,785	NAN	
43,66	-0,0105	1,79	NAN	
43,68	-0,105	1,8	NAN	
43,7	0,3255	1,795	NAN	
43,72	0,213	1,8	NAN	
43,74	0,1995	1,81	NAN	
43,76	0,3015	1,805	NAN	
43,78	0,3525	1,815	NAN	
43,8	0,1935	1,815	NAN	
43,82	0,1515	1,825	NAN	
43,84	0,156	1,825	NAN	
43,86	0,045	1,835	NAN	
43,88	0,183	1,835	NAN	
43,9	0,123	1,845	NAN	
43,92	0,051	1,84	NAN	
43,94	0,045	1,85	NAN	
43,96	0,084	1,855	NAN	
43,98	0,1395	1,86	NAN	
44	0,042	1,86	NAN	
44,02	0,0855	1,865	NAN	
44,04	0,0645	1,865	NAN	
44,06	0,069	1,875	NAN	
44,08	0,0045	1,875	NAN	
44,1	0,0375	1,88	NAN	
44,12	0,237	1,89	NAN	
44,14	0,2985	1,89	NAN	
44,16	0,2355	1,9	NAN	
44,18	0,1485	1,9	NAN	
44,2	0,252	1,91	NAN	
44,22	0,1785	1,905	NAN	
44,24	0,2175	1,915	NAN	
44,26	0,18	1,915	NAN	
44,28	0,147	1,925	NAN	
44,3	0,162	1,925	NAN	
44,32	0,054	1,935	NAN	
44,34	0,2235	1,93	NAN	
44,36	-0,0495	1,94	NAN	
44,38	0,075	1,94	NAN	
44,4	0,105	1,95	NAN	
44,42	0,0135	1,95	NAN	
44,44	0,075	1,96	NAN	
44,46	0,018	1,965	NAN	
44,48	0,069	1,965	NAN	
44,5	0,1365	1,97	NAN	
44,52	0,0555	1,975	NAN	
44,54	0,042	1,985	NAN	
44,56	0,2355	1,985	NAN	
44,58	0,171	1,99	NAN	
44,6	0,126	1,995	NAN	
44,62	0,267	2	NAN	
44,64	0,327	2	NAN	
44,66	0,1575	2,015	NAN	
44,68	0,102	2,02	NAN	
44,7	0,2295	2,025	NAN	
44,72	0,1365	2,02	NAN	
44,74	0,0825	2,035	NAN	
44,76	0,0375	2,04	NAN	
44,78	0,1515	2,04	NAN	
44,8	0,006	2,035	NAN	
44,82	0,063	2,05	NAN	
44,84	0,021	2,045	NAN	
44,86	0,132	2,06	NAN	
44,88	0,1245	2,06	NAN	
44,9	0,057	2,07	NAN	
44,92	0,0525	2,065	NAN	
44,94	0,1395	2,08	NAN	
44,96	-0,0765	2,075	NAN	
44,98	0,1245	2,085	NAN	
45	0,093	2,09	NAN	
45,02	0,213	2,095	NAN	
45,04	0,0975	2,1	NAN	
45,06	0,2355	2,105	NAN	
45,08	0,138	2,115	NAN	
45,1	0,093	2,115	NAN	
45,12	0,1365	2,125	NAN	
45,14	0,198	2,125	NAN	
45,16	0,2055	2,135	NAN	
45,18	0,012	2,135	NAN	
45,2	-0,027	2,14	NAN	
45,22	0,0705	2,14	NAN	
45,24	0,012	2,155	NAN	
45,26	0,0465	2,15	NAN	
45,28	0,105	2,165	NAN	
45,3	-0,1065	2,16	NAN	
45,32	-0,1035	2,175	NAN	
45,34	-0,0615	2,19	NAN	
45,36	0,0075	2,185	NAN	
45,38	0,057	2,185	NAN	
45,4	0,1215	2,195	NAN	
45,42	0,0915	2,195	NAN	
45,44	0,129	2,2	NAN	
45,46	0,174	2,205	NAN	
45,48	0,1785	2,215	NAN	
45,5	0,114	2,22	NAN	
45,52	0,0735	2,225	NAN	
45,54	-0,012	2,23	NAN	
45,56	0,0945	2,23	NAN	
45,58	0,0315	2,245	NAN	
45,6	0,165	2,24	NAN	
45,62	-0,114	2,25	NAN	
45,64	0,015	2,25	NAN	
45,66	-0,087	2,26	NAN	
45,68	-0,0495	2,255	NAN	
45,7	0,0075	2,27	NAN	
45,72	0,012	2,265	NAN	
45,74	-0,132	2,28	NAN	
45,76	-0,0255	2,28	NAN	
45,78	-0,0495	2,29	NAN	
45,8	-0,0495	2,285	NAN	
45,82	0,0945	2,3	NAN	
45,84	0,0405	2,295	NAN	
45,86	0,1305	2,31	NAN	
45,88	0,111	2,31	NAN	
45,9	0,267	2,32	NAN	
45,92	0,0885	2,32	NAN	
45,94	0,0915	2,33	NAN	
45,96	0,0915	2,33	NAN	
45,98	0,0855	2,34	NAN	
46	0,009	2,345	NAN	
46,02	0,0285	2,35	NAN	
46,04	-0,0585	2,355	NAN	
46,06	-0,0465	2,355	NAN	
46,08	0,0345	2,365	NAN	
46,1	-0,0675	2,37	NAN	
46,12	-0,0135	2,375	NAN	
46,14	-0,036	2,375	NAN	
46,16	-0,0615	2,385	NAN	
46,18	-0,1575	2,385	NAN	
46,2	-0,141	2,395	NAN	
46,22	-0,0795	2,395	NAN	
46,24	-0,075	2,405	NAN	
46,26	0,0975	2,405	NAN	
46,28	0,0525	2,415	NAN	
46,3	0,0705	2,41	NAN	
46,32	0,1245	2,425	NAN	
46,34	0,1035	2,425	NAN	
46,36	0,0285	2,435	NAN	
46,38	-0,039	2,44	NAN	
46,4	0,012	2,44	NAN	
46,42	0,0435	2,45	NAN	
46,44	-0,087	2,455	NAN	
46,46	-0,0465	2,46	NAN	
46,48	-0,1455	2,465	NAN	
46,5	0,09	2,475	NAN	
46,52	-0,144	2,475	NAN	
46,54	-0,156	2,48	NAN	
46,56	-0,12	2,485	NAN	
46,58	-0,1365	2,495	NAN	
46,6	-0,2685	2,495	NAN	
46,62	-0,0405	2,505	NAN	
46,64	-0,0975	2,5	NAN	
46,66	-0,126	2,515	NAN	
46,68	0,096	2,515	NAN	
46,7	0,087	2,525	NAN	
46,72	0,12	2,535	NAN	
46,74	-0,0405	2,54	NAN	
46,76	0,0495	2,525	NAN	
46,78	-0,0825	2,55	NAN	
46,8	-0,099	2,545	NAN	
46,82	-0,1665	2,56	NAN	
46,84	-0,207	2,56	NAN	
46,86	-0,048	2,57	NAN	
46,88	-0,0855	2,565	NAN	
46,9	-0,2265	2,58	NAN	
46,92	-0,138	2,58	NAN	
46,94	-0,1035	2,59	NAN	
46,96	-0,1635	2,59	NAN	
46,98	-0,1725	2,6	NAN	
47	-0,195	2,6	NAN	
47,02	-0,249	2,61	NAN	
47,04	-0,0765	2,615	NAN	
47,06	-0,1395	2,62	NAN	
47,08	-0,1905	2,625	NAN	
47,1	-0,1785	2,63	NAN	
47,12	0,0105	2,64	NAN	
47,14	-0,1005	2,64	NAN	
47,16	0,072	2,65	NAN	
47,18	0,0765	2,65	NAN	
47,2	-0,0645	2,66	NAN	
47,22	-0,027	2,665	NAN	
47,24	-0,189	2,675	NAN	
47,26	-0,1515	2,67	NAN	
47,28	-0,03	2,685	NAN	
47,3	-0,2325	2,685	NAN	
47,32	-0,126	2,69	NAN	
47,34	-0,4455	2,69	NAN	
47,36	-0,3045	2,7	NAN	
47,38	-0,3135	2,7	NAN	
47,4	-0,2895	2,71	NAN	
47,42	-0,2415	2,715	NAN	
47,44	-0,2655	2,725	NAN	
47,46	-0,3345	2,725	NAN	
47,48	-0,2835	2,735	NAN	
47,5	-0,432	2,74	NAN	
47,52	-0,3885	2,745	NAN	
47,54	-0,144	2,75	NAN	
47,56	0,003	2,755	NAN	
47,58	-0,105	2,765	NAN	
47,6	-0,0645	2,765	NAN	
47,62	-0,18	2,775	NAN	
47,64	-0,3465	2,78	NAN	
47,66	-0,1935	2,79	NAN	
47,68	-0,3345	2,785	NAN	
47,7	-0,33	2,8	NAN	
47,72	-0,282	2,8	NAN	
47,74	-0,3285	2,81	NAN	
47,76	-0,36	2,805	NAN	
47,78	-0,2985	2,82	NAN	
47,8	-0,399	2,82	NAN	
47,82	-0,3945	2,835	NAN	
47,84	-0,333	2,83	NAN	
47,86	-0,459	2,845	NAN	
47,88	-0,549	2,84	NAN	
47,9	-0,33	2,855	NAN	
47,92	-0,3195	2,85	NAN	
47,94	-0,411	2,865	NAN	
47,96	-0,3285	2,865	NAN	
47,98	-0,2505	2,875	NAN	
48	-0,3165	2,875	NAN	
48,02	-0,213	2,89	NAN	
48,04	-0,3225	2,885	NAN	
48,06	-0,3345	2,9	NAN	
48,08	-0,5085	2,9	NAN	
48,1	-0,4665	2,91	NAN	
48,12	-0,4605	2,91	NAN	
48,14	-0,3885	2,92	NAN	
48,16	-0,4425	2,92	NAN	
48,18	-0,576	2,93	NAN	
48,2	-0,507	2,935	NAN	
48,22	-0,567	2,94	NAN	
48,24	-0,5325	2,945	NAN	
48,26	-0,711	2,955	NAN	
48,28	-0,612	2,96	NAN	
48,3	-0,5565	2,965	NAN	
48,32	-0,513	2,97	NAN	
48,34	-0,645	2,975	NAN	
48,36	-0,558	2,985	NAN	
48,38	-0,486	2,98	NAN	
48,4	-0,4455	2,995	NAN	
48,42	-0,423	2,995	NAN	
48,44	-0,3885	3	NAN	
48,46	-0,4335	3	NAN	
48,48	-0,483	3,015	NAN	
48,5	-0,651	3,01	NAN	
48,52	-0,5235	3,02	NAN	
48,54	-0,6825	3,03	NAN	
48,56	-0,5925	3,03	NAN	
48,58	-0,5385	3,035	NAN	
48,6	-0,7755	3,045	NAN	
48,62	-0,72	3,045	NAN	
48,64	-0,6855	3,05	NAN	
48,66	-0,7845	3,055	NAN	
48,68	-0,693	3,06	NAN	
48,7	-0,7185	3,065	NAN	
48,72	-0,828	3,07	NAN	
48,74	-0,7635	3,075	NAN	
48,76	-0,735	3,085	NAN	
48,78	-0,825	3,09	NAN	
48,8	-0,7245	3,085	NAN	
48,82	-0,735	3,095	NAN	
48,84	-0,711	3,1	NAN	
48,86	-0,6675	3,105	NAN	
48,88	-0,7785	3,105	NAN	
48,9	-0,5715	3,11	NAN	
48,92	-0,8265	3,12	NAN	
48,94	-0,8175	3,13	NAN	
48,96	-0,84	3,125	NAN	
48,98	-0,942	3,135	NAN	
49	-0,9915	3,135	NAN	
49,02	-0,9435	3,14	NAN	
49,04	-0,861	3,14	NAN	
49,06	-0,96	3,155	NAN	
49,08	-0,9765	3,15	NAN	
49,1	-1,023	3,16	NAN	
49,12	-1,092	3,165	NAN	
49,14	-1,065	3,175	NAN	
49,16	-1,1835	3,17	NAN	
49,18	-1,047	3,18	NAN	
49,2	-1,0785	3,18	NAN	
49,22	-1,1055	3,19	NAN	
49,24	-1,026	3,19	NAN	
49,26	-1,119	3,2	NAN	
49,28	-1,017	3,2	NAN	
49,3	-1,1475	3,21	NAN	
49,32	-1,056	3,21	NAN	
49,34	-1,164	3,215	NAN	
49,36	-1,1745	3,22	NAN	
49,38	-1,2795	3,225	NAN	
49,4	-1,2675	3,235	NAN	
49,42	-1,2345	3,235	NAN	
49,44	-1,296	3,245	NAN	
49,46	-1,3335	3,245	NAN	
49,48	-1,3845	3,255	NAN	
49,5	-1,455	3,25	NAN	
49,52	-1,2705	3,26	NAN	
49,54	-1,3515	3,26	NAN	
49,56	-1,3935	3,27	NAN	
49,58	-1,3935	3,265	NAN	
49,6	-1,5015	3,28	NAN	
49,62	-1,4835	3,275	NAN	
49,64	-1,4835	3,29	NAN	
49,66	-1,4115	3,285	NAN	
49,68	-1,458	3,3	NAN	
49,7	-1,455	3,295	NAN	
49,72	-1,464	3,305	NAN	
49,74	-1,515	3,3	NAN	
49,76	-1,5405	3,315	NAN	
49,78	-1,3755	3,315	NAN	
49,8	-1,491	3,325	NAN	
49,82	-1,629	3,33	NAN	
49,84	-1,6215	3,335	NAN	
49,86	-1,6065	3,335	NAN	
49,88	-1,731	3,34	NAN	
49,9	-1,818	3,345	NAN	
49,92	-1,6365	3,345	NAN	
49,94	-1,959	3,35	NAN	
49,96	-1,8495	3,355	NAN	
49,98	-1,794	3,365	NAN	
50	-1,725	3,36	NAN	
50,02	-1,8405	3,37	NAN	
50,04	-1,7895	3,37	NAN	
50,06	-1,7805	3,38	NAN	
50,08	-1,8765	3,375	NAN	
50,1	-1,7295	3,39	NAN	
50,12	-1,6425	3,385	NAN	
50,14	-1,617	3,4	NAN	
50,16	-1,7175	3,395	NAN	
50,18	-1,6275	3,405	NAN	
50,2	-1,6335	3,405	NAN	
50,22	-1,7595	3,415	NAN	
50,24	-1,773	3,415	NAN	
50,26	-1,7295	3,425	NAN	
50,28	-1,6695	3,43	NAN	
50,3	-1,7685	3,435	NAN	
50,32	-1,8645	3,435	NAN	
50,34	-1,773	3,445	NAN	
50,36	-1,7265	3,445	NAN	
50,38	-1,77	3,45	NAN	
50,4	-1,8435	3,455	NAN	
50,42	-1,8915	3,46	NAN	
50,44	-1,8195	3,465	NAN	
50,46	-1,8195	3,465	NAN	
50,48	-1,629	3,48	NAN	
50,5	-1,629	3,475	NAN	
50,52	-1,4445	3,48	NAN	
50,54	-1,5015	3,485	NAN	
50,56	-1,4115	3,495	NAN	
50,58	-1,437	3,495	NAN	
50,6	-1,494	3,5	NAN	
50,62	-1,5345	3,5	NAN	
50,64	-1,4685	3,515	NAN	
50,66	-1,4145	3,515	NAN	
50,68	-1,497	3,525	NAN	
50,7	-1,4625	3,525	NAN	
50,72	-1,359	3,53	NAN	
50,74	-1,4355	3,53	NAN	
50,76	-1,5135	3,54	NAN	
50,78	-1,533	3,54	NAN	
50,8	-1,5015	3,55	NAN	
50,82	-1,437	3,545	NAN	
50,84	-1,3605	3,555	NAN	
50,86	-1,257	3,555	NAN	
50,88	-1,3425	3,565	NAN	
50,9	-1,269	3,57	NAN	
50,92	-1,221	3,575	NAN	
50,94	-1,164	3,58	NAN	
50,96	-0,972	3,585	NAN	
50,98	-1,167	3,59	NAN	
51	-1,011	3,59	NAN	
51,02	-1,119	3,605	NAN	
51,04	-1,0635	3,605	NAN	
51,06	-1,1775	3,615	NAN	
51,08	-1,071	3,61	NAN	
51,1	-1,1055	3,625	NAN	
51,12	-0,963	3,625	NAN	
51,14	-0,9855	3,63	NAN	
51,16	-1,074	3,635	NAN	
51,18	-1,1205	3,64	NAN	
51,2	-1,1265	3,645	NAN	
51,22	-1,0155	3,655	NAN	
51,24	-1,0275	3,65	NAN	
51,26	-1,029	3,665	NAN	
51,28	-1,017	3,66	NAN	
51,3	-0,9735	3,67	NAN	
51,32	-0,9105	3,67	NAN	
51,34	-1,014	3,68	NAN	
51,36	-0,9405	3,675	NAN	
51,38	-0,7935	3,69	NAN	
51,4	-0,7605	3,69	NAN	
51,42	-0,738	3,7	NAN	
51,44	-0,6555	3,7	NAN	
51,46	-0,7605	3,715	NAN	
51,48	-0,8835	3,71	NAN	
51,5	-0,792	3,72	NAN	
51,52	-0,801	3,725	NAN	
51,54	-0,7725	3,73	NAN	
51,56	-0,765	3,735	NAN	
51,58	-0,789	3,74	NAN	
51,6	-0,771	3,745	NAN	
51,62	-0,801	3,75	NAN	
51,64	-0,8115	3,76	NAN	
51,66	-0,663	3,76	NAN	
51,68	-0,8925	3,77	NAN	
51,7	-0,7665	3,77	NAN	
51,72	-0,8475	3,79	NAN	
51,74	-0,78	3,78	NAN	
51,76	-0,612	3,79	NAN	
51,78	-0,6435	3,79	NAN	
51,8	-0,615	3,8	NAN	
51,82	-0,48	3,795	NAN	
51,84	-0,441	3,81	NAN	
51,86	-0,4275	3,815	NAN	
51,88	-0,564	3,825	NAN	
51,9	-0,462	3,825	NAN	
51,92	-0,507	3,84	NAN	
51,94	-0,441	3,835	NAN	
51,96	-0,6015	3,845	NAN	
51,98	-0,429	3,85	NAN	
52	-0,45	3,855	NAN	
52,02	-0,528	3,855	NAN	
52,04	-0,669	3,865	NAN	
52,06	-0,555	3,865	NAN	
52,08	-0,5115	3,875	NAN	
52,1	-0,504	3,88	NAN	
52,12	-0,5385	3,885	NAN	
52,14	-0,429	3,89	NAN	
52,16	-0,4275	3,895	NAN	
52,18	-0,519	3,905	NAN	
52,2	-0,3975	3,905	NAN	
52,22	-0,4635	3,915	NAN	
52,24	-0,2685	3,915	NAN	
52,26	-0,2745	3,925	NAN	
52,28	-0,216	3,925	NAN	
52,3	-0,315	3,94	NAN	
52,32	-0,3075	3,935	NAN	
52,34	-0,3675	3,945	NAN	
52,36	-0,309	3,945	NAN	
52,38	-0,345	3,955	NAN	
52,4	-0,318	3,955	NAN	
52,42	-0,3045	3,97	NAN	
52,44	-0,2565	3,965	NAN	
52,46	-0,4095	3,98	NAN	
52,48	-0,273	3,97	NAN	
52,5	-0,4185	3,99	NAN	
52,52	-0,4155	3,985	NAN	
52,54	-0,417	4	NAN	
52,56	-0,3765	3,995	NAN	
52,58	-0,288	4,01	NAN	
52,6	-0,3915	4,01	NAN	
52,62	-0,396	4,02	NAN	
52,64	-0,246	4,02	NAN	
52,66	-0,147	4,03	NAN	
52,68	-0,054	4,03	NAN	
52,7	-0,0195	4,04	NAN	
52,72	-0,1275	4,045	NAN	
52,74	-0,1935	4,055	NAN	
52,76	-0,1995	4,055	NAN	
52,78	-0,1905	4,06	NAN	
52,8	-0,1785	4,07	NAN	
52,82	-0,1905	4,075	NAN	
52,84	-0,1995	4,085	NAN	
52,86	-0,2595	4,09	NAN	
52,88	-0,2775	4,095	NAN	
52,9	-0,3975	4,095	NAN	
52,92	-0,2775	4,105	NAN	
52,94	-0,2355	4,11	NAN	
52,96	-0,2385	4,12	NAN	
52,98	-0,2835	4,115	NAN	
53	-0,0645	4,13	NAN	
53,02	-0,1755	4,13	NAN	
53,04	-0,234	4,145	NAN	
53,06	-0,24	4,14	NAN	
53,08	0,018	4,155	NAN	
53,1	0,039	4,15	NAN	
53,12	0,006	4,165	NAN	
53,14	-0,1065	4,16	NAN	
53,16	-0,0555	4,18	NAN	
53,18	-0,1785	4,18	NAN	
53,2	0,1035	4,185	NAN	
53,22	-0,12	4,195	NAN	
53,24	-0,045	4,205	NAN	
53,26	0,0045	4,205	NAN	
53,28	-0,1335	4,21	NAN	
53,3	-0,099	4,22	NAN	
53,32	-0,0435	4,225	NAN	
53,34	-0,1725	4,23	NAN	
53,36	-0,1485	4,23	NAN	
53,38	-0,093	4,245	NAN	
53,4	-0,042	4,25	NAN	
53,42	0,024	4,26	NAN	
53,44	-0,102	4,255	NAN	
53,46	0,0165	4,27	NAN	
53,48	-0,0525	4,265	NAN	
53,5	0,0405	4,285	NAN	
53,52	0,117	4,28	NAN	
53,54	0,0225	4,295	NAN	
53,56	0,108	4,295	NAN	
53,58	0,1485	4,31	NAN	
53,6	-0,0795	4,31	NAN	
53,62	-0,0735	4,315	NAN	
53,64	0,042	4,325	NAN	
53,66	0,1785	4,33	NAN	
53,68	0,141	4,335	NAN	
53,7	-0,0465	4,345	NAN	
53,72	-0,0015	4,345	NAN	
53,74	0,003	4,355	NAN	
53,76	0	4,365	NAN	
53,78	-0,024	4,365	NAN	
53,8	0,0405	4,38	NAN	
53,82	-0,0315	4,38	NAN	
53,84	-0,0345	4,385	NAN	
53,86	0,0345	4,395	NAN	
53,88	0,1695	4,405	NAN	
53,9	0,009	4,405	NAN	
53,92	-0,0315	4,41	NAN	
53,94	0,1395	4,425	NAN	
53,96	0,2325	4,43	NAN	
53,98	0,0975	4,435	NAN	
54	0,1725	4,445	NAN	
54,02	0,123	4,45	NAN	
54,04	0,1455	4,455	NAN	
54,06	0,0705	4,465	NAN	
54,08	0,195	4,47	NAN	
54,1	0,1395	4,475	NAN	
54,12	0,081	4,485	NAN	
54,14	0,051	4,485	NAN	
54,16	0,084	4,5	NAN	
54,18	0,177	4,5	NAN	
54,2	-0,0135	4,51	NAN	
54,22	0,075	4,51	NAN	
54,24	0,057	4,525	NAN	
54,26	0,123	4,525	NAN	
54,28	0,129	4,54	NAN	
54,3	0,141	4,535	NAN	
54,32	0,1575	4,555	NAN	
54,34	0,1785	4,55	NAN	
54,36	0,219	4,565	NAN	
54,38	0,2265	4,575	NAN	
54,4	0,15	4,58	NAN	
54,42	0,252	4,58	NAN	
54,44	0,3315	4,59	NAN	
54,46	0,216	4,59	NAN	
54,48	0,219	4,6	NAN	
54,5	0,1845	4,61	NAN	
54,52	0,177	4,615	NAN	
54,54	0,2745	4,625	NAN	
54,56	0,0915	4,625	NAN	
54,58	0,1515	4,635	NAN	
54,6	-0,021	4,64	NAN	
54,62	0,0675	4,65	NAN	
54,64	0,129	4,65	NAN	
54,66	0,0075	4,66	NAN	
54,68	0,048	4,66	NAN	
54,7	0,084	4,68	NAN	
54,72	0,132	4,68	NAN	
54,74	0,066	4,69	NAN	
54,76	0,141	4,69	NAN	
54,78	0,246	4,7	NAN	
54,8	0,2625	4,7	NAN	
54,82	0,1905	4,715	NAN	
54,84	0,3645	4,715	NAN	
54,86	0,3135	4,725	NAN	
54,88	0,3075	4,73	NAN	
54,9	0,2685	4,74	NAN	
54,92	0,315	4,745	NAN	
54,94	0,1155	4,755	NAN	
54,96	0,195	4,75	NAN	
54,98	0,282	4,765	NAN	
55	0,0015	4,76	NAN	
55,02	0,2235	4,775	NAN	
55,04	0,141	4,77	NAN	
55,06	0,072	4,79	NAN	
55,08	0,102	4,79	NAN	
55,1	0,186	4,8	NAN	
55,12	0,219	4,8	NAN	
55,14	0,351	4,81	NAN	
55,16	0,1155	4,815	NAN	
55,18	0,165	4,825	NAN	
55,2	0,3045	4,825	NAN	
55,22	0,318	4,835	NAN	
55,24	0,375	4,84	NAN	
55,26	0,3045	4,845	NAN	
55,28	0,4095	4,85	NAN	
55,3	0,369	4,855	NAN	
55,32	0,315	4,865	NAN	
55,34	0,246	4,87	NAN	
55,36	0,276	4,88	NAN	
55,38	0,264	4,88	NAN	
55,4	0,2415	4,89	NAN	
55,42	0,1425	4,89	NAN	
55,44	0,141	4,9	NAN	
55,46	0,045	4,9	NAN	
55,48	0,165	4,91	NAN	
55,5	0,282	4,915	NAN	
55,52	0,2085	4,925	NAN	
55,54	0,153	4,925	NAN	
55,56	0,159	4,93	NAN	
55,58	0,126	4,935	NAN	
55,6	0,1485	4,95	NAN	
55,62	0,1995	4,945	NAN	
55,64	0,426	4,96	NAN	
55,66	0,417	4,955	NAN	
55,68	0,489	4,975	NAN	
55,7	0,3885	4,965	NAN	
55,72	0,3195	4,98	NAN	
55,74	0,3165	4,98	NAN	
55,76	0,261	4,99	NAN	
55,78	0,441	4,99	NAN	
55,8	0,2805	5	NAN	
55,82	0,33	5	NAN	
55,84	0,246	5,01	NAN	
55,86	0,2925	5,015	NAN	
55,88	0,417	5,02	NAN	
55,9	0,2415	5,02	NAN	
55,92	0,1995	5,03	NAN	
55,94	0,258	5,03	NAN	
55,96	0,366	5,04	NAN	
55,98	0,1905	5,045	NAN	
56	0,237	5,05	NAN	
56,02	0,1815	5,055	NAN	
56,04	0,144	5,065	NAN	
56,06	0,288	5,06	NAN	
56,08	0,405	5,07	NAN	
56,1	0,474	5,075	NAN	
56,12	0,2685	5,08	NAN	
56,14	0,483	5,09	NAN	
56,16	0,2535	5,09	NAN	
56,18	0,447	5,095	NAN	
56,2	0,387	5,105	NAN	
56,22	0,3705	5,11	NAN	
56,24	0,3375	5,1	NAN	
56,26	0,2175	5,115	NAN	
56,28	0,2145	5,115	NAN	
56,3	0,1785	5,13	NAN	
56,32	0,231	5,13	NAN	
56,34	0,2265	5,135	NAN	
56,36	0,1395	5,135	NAN	
56,38	0,2475	5,145	NAN	
56,4	0,2565	5,145	NAN	
56,42	0,174	5,15	NAN	
56,44	0,1905	5,15	NAN	
56,46	0,321	5,165	NAN	
56,48	0,4905	5,16	NAN	
56,5	0,4305	5,17	NAN	
56,52	0,516	5,17	NAN	
56,54	0,3	5,18	NAN	
56,56	0,3615	5,19	NAN	
56,58	0,3135	5,185	NAN	
56,6	0,285	5,195	NAN	
56,62	0,5085	5,195	NAN	
56,64	0,492	5,2	NAN	
56,66	0,4095	5,21	NAN	
56,68	0,3345	5,21	NAN	
56,7	0,2025	5,21	NAN	
56,72	0,099	5,215	NAN	
56,74	0,2895	5,22	NAN	
56,76	0,1005	5,225	NAN	
56,78	0,1275	5,23	NAN	
56,8	0,195	5,23	NAN	
56,82	0,288	5,23	NAN	
56,84	0,3435	5,24	NAN	
56,86	0,291	5,245	NAN	
56,88	0,261	5,25	NAN	
56,9	0,321	5,25	NAN	
56,92	0,399	5,255	NAN	
56,94	0,303	5,255	NAN	
56,96	0,4395	5,265	NAN	
56,98	0,531	5,26	NAN	
57	0,3945	5,27	NAN	
57,02	0,3885	5,27	NAN	
57,04	0,276	5,275	NAN	
57,06	0,327	5,275	NAN	
57,08	0,279	5,285	NAN	
57,1	0,435	5,285	NAN	
57,12	0,306	5,295	NAN	
57,14	0,21	5,285	NAN	
57,16	0,2745	5,3	NAN	
57,18	0,141	5,295	NAN	
57,2	0,309	5,305	NAN	
57,22	0,3855	5,3	NAN	
57,24	0,1815	5,31	NAN	
57,26	0,276	5,31	NAN	
57,28	0,2475	5,315	NAN	
57,3	0,2265	5,315	NAN	
57,32	0,2085	5,325	NAN	
57,34	0,468	5,32	NAN	
57,36	0,42	5,325	NAN	
57,38	0,393	5,335	NAN	
57,4	0,3375	5,33	NAN	
57,42	0,363	5,335	NAN	
57,44	0,3105	5,335	NAN	
57,46	0,303	5,345	NAN	
57,48	0,408	5,34	NAN	
57,5	0,3915	5,35	NAN	
57,52	0,252	5,345	NAN	
57,54	0,3945	5,355	NAN	
57,56	0,2475	5,35	NAN	
57,58	0,246	5,36	NAN	
57,6	0,183	5,36	NAN	
57,62	0,213	5,365	NAN	
57,64	0,2325	5,365	NAN	
57,66	0,2355	5,37	NAN	
57,68	0,279	5,37	NAN	
57,7	0,2535	5,375	NAN	
57,72	0,1635	5,375	NAN	
57,74	0,153	5,38	NAN	
57,76	0,4125	5,38	NAN	
57,78	0,384	5,38	NAN	
57,8	0,39	5,38	NAN	
57,82	0,348	5,39	NAN	
57,84	0,4155	5,39	NAN	
57,86	0,39	5,395	NAN	
57,88	0,276	5,395	NAN	
57,9	0,3885	5,4	NAN	
57,92	0,249	5,4	NAN	
57,94	0,1875	5,41	NAN	
57,96	0,1965	5,41	NAN	
57,98	0,2175	5,41	NAN	
58	0,264	5,41	NAN	
58,02	0,177	5,415	NAN	
58,04	0,2235	5,415	NAN	
58,06	0,2055	5,42	NAN	
58,08	0,2025	5,42	NAN
