MIN=0	-3	-10	0	
MAX=160	3	10	25	
SCALE=50	1	5	10	
DEC=2	3	2	3	
DEF="Zeit" t / s	"Spannung" U_A1 / V	"Spannung" U_B1 / V	"Frequenz" f / Hz	
0	-1,728	3,13	NAN	
0,02	-1,623	3,13	NAN	
0,04	-1,779	3,14	NAN	
0,06	-1,6905	3,15	NAN	
0,08	-1,6905	3,15	NAN	
0,1	-1,7415	3,16	NAN	
0,12	-1,6725	3,16	NAN	
0,14	-1,6905	3,165	NAN	
0,16	-1,6515	3,165	NAN	
0,18	-1,6815	3,175	NAN	
0,2	-1,6785	3,175	NAN	
0,22	-1,725	3,185	NAN	
0,24	-1,653	3,19	NAN	
0,26	-1,626	3,195	NAN	
0,28	-1,632	3,2	NAN	
0,3	-1,563	3,2	NAN	
0,32	-1,6215	3,21	NAN	
0,34	-1,5855	3,21	NAN	
0,36	-1,5045	3,22	NAN	
0,38	-1,476	3,225	NAN	
0,4	-1,557	3,23	NAN	
0,42	-1,458	3,235	NAN	
0,44	-1,4235	3,235	NAN	
0,46	-1,3725	3,245	NAN	
0,48	-1,3065	3,245	NAN	
0,5	-1,413	3,26	NAN	
0,52	-1,3425	3,26	NAN	
0,54	-1,3605	3,265	NAN	
0,56	-1,3185	3,275	NAN	
0,58	-1,299	3,27	NAN	
0,6	-1,3035	3,285	NAN	
0,62	-1,2615	3,28	NAN	
0,64	-1,2075	3,295	NAN	
0,66	-1,275	3,295	NAN	
0,68	-1,245	3,305	NAN	
0,7	-1,278	3,305	NAN	
0,72	-1,092	3,31	NAN	
0,74	-1,1685	3,315	NAN	
0,76	-1,1025	3,315	NAN	
0,78	-1,113	3,33	NAN	
0,8	-1,0125	3,325	NAN	
0,82	-0,996	3,34	NAN	
0,84	-1,098	3,335	NAN	
0,86	-1,086	3,345	NAN	
0,88	-1,029	3,35	NAN	
0,9	-0,9525	3,35	NAN	
0,92	-0,9855	3,36	NAN	
0,94	-0,9015	3,36	NAN	
0,96	-0,9	3,37	NAN	
0,98	-0,8685	3,375	NAN	
1	-0,873	3,38	NAN	
1,02	-0,9765	3,39	NAN	
1,04	-0,885	3,385	NAN	
1,06	-0,843	3,4	NAN	
1,08	-0,9585	3,395	NAN	
1,1	-0,789	3,41	NAN	
1,12	-0,7605	3,405	NAN	
1,14	-0,8205	3,415	NAN	
1,16	-0,807	3,42	NAN	
1,18	-0,744	3,42	NAN	
1,2	-0,8115	3,43	NAN	
1,22	-0,7305	3,43	NAN	
1,24	-0,7485	3,44	NAN	
1,26	-0,8505	3,435	NAN	
1,28	-0,6975	3,455	NAN	
1,3	-0,618	3,45	NAN	
1,32	-0,636	3,46	NAN	
1,34	-0,6735	3,47	NAN	
1,36	-0,585	3,465	NAN	
1,38	-0,735	3,48	NAN	
1,4	-0,6465	3,485	NAN	
1,42	-0,6525	3,485	NAN	
1,44	-0,5625	3,49	NAN	
1,46	-0,567	3,495	NAN	
1,48	-0,63	3,495	NAN	
1,5	-0,564	3,5	NAN	
1,52	-0,5835	3,515	NAN	
1,54	-0,5895	3,51	NAN	
1,56	-0,5505	3,52	NAN	
1,58	-0,5835	3,52	NAN	
1,6	-0,687	3,53	NAN	
1,62	-0,5325	3,53	NAN	
1,64	-0,5085	3,535	NAN	
1,66	-0,5475	3,54	NAN	
1,68	-0,567	3,54	NAN	
1,7	-0,492	3,555	NAN	
1,72	-0,4515	3,55	NAN	
1,74	-0,5145	3,56	NAN	
1,76	-0,483	3,565	NAN	
1,78	-0,453	3,57	NAN	
1,8	-0,354	3,575	NAN	
1,82	-0,489	3,575	NAN	
1,84	-0,4335	3,585	NAN	
1,86	-0,5145	3,58	NAN	
1,88	-0,504	3,595	NAN	
1,9	-0,4275	3,595	NAN	
1,92	-0,3465	3,6	NAN	
1,94	-0,3885	3,605	NAN	
1,96	-0,3915	3,605	NAN	
1,98	-0,429	3,615	NAN	
2	-0,3945	3,615	NAN	
2,02	-0,3525	3,625	NAN	
2,04	-0,441	3,625	NAN	
2,06	-0,435	3,635	NAN	
2,08	-0,405	3,635	NAN	
2,1	-0,3915	3,645	NAN	
2,12	-0,3495	3,65	NAN	
2,14	-0,3075	3,65	NAN	
2,16	-0,3825	3,66	NAN	
2,18	-0,3015	3,655	NAN	
2,2	-0,402	3,67	NAN	
2,22	-0,3195	3,665	NAN	
2,24	-0,3255	3,675	NAN	
2,26	-0,309	3,68	NAN	
2,28	-0,315	3,68	NAN	
2,3	-0,324	3,69	NAN	
2,32	-0,3495	3,7	NAN	
2,34	-0,336	3,7	NAN	
2,36	-0,2175	3,7	NAN	
2,38	-0,2985	3,71	NAN	
2,4	-0,2235	3,71	NAN	
2,42	-0,2865	3,715	NAN	
2,44	-0,3735	3,725	NAN	
2,46	-0,243	3,735	NAN	
2,48	-0,2925	3,73	NAN	
2,5	-0,3	3,735	NAN	
2,52	-0,327	3,745	NAN	
2,54	-0,264	3,74	NAN	
2,56	-0,276	3,75	NAN	
2,58	-0,2835	3,755	NAN	
2,6	-0,3075	3,765	NAN	
2,62	-0,1575	3,765	NAN	
2,64	-0,2505	3,765	NAN	
2,66	-0,2265	3,775	NAN	
2,68	-0,264	3,775	NAN	
2,7	-0,2025	3,785	NAN	
2,72	-0,2205	3,79	NAN	
2,74	-0,144	3,79	NAN	
2,76	-0,2295	3,795	NAN	
2,78	-0,273	3,795	NAN	
2,8	-0,1725	3,805	NAN	
2,82	-0,21	3,8	NAN	
2,84	-0,1785	3,815	NAN	
2,86	-0,0585	3,815	NAN	
2,88	-0,1305	3,82	NAN	
2,9	-0,189	3,825	NAN	
2,92	-0,1545	3,825	NAN	
2,94	-0,123	3,835	NAN	
2,96	-0,135	3,83	NAN	
2,98	-0,162	3,84	NAN	
3	-0,1125	3,845	NAN	
3,02	-0,1905	3,85	NAN	
3,04	-0,1035	3,85	NAN	
3,06	-0,132	3,855	NAN	
3,08	-0,1875	3,865	NAN	
3,1	-0,1755	3,865	NAN	
3,12	-0,231	3,87	NAN	
3,14	-0,2475	3,87	NAN	
3,16	-0,1695	3,885	NAN	
3,18	-0,123	3,88	NAN	
3,2	-0,1335	3,885	NAN	
3,22	-0,105	3,89	NAN	
3,24	-0,1215	3,895	NAN	
3,26	-0,177	3,9	NAN	
3,28	-0,213	3,895	NAN	
3,3	-0,1125	3,905	NAN	
3,32	-0,153	3,905	NAN	
3,34	-0,144	3,915	NAN	
3,36	-0,1575	3,915	NAN	
3,38	-0,1155	3,925	NAN	
3,4	-0,0705	3,925	NAN	
3,42	-0,1065	3,925	NAN	
3,44	-0,084	3,935	NAN	
3,46	-0,09	3,93	NAN	
3,48	-0,081	3,945	NAN	
3,5	-0,0765	3,945	NAN	
3,52	-0,1515	3,95	NAN	
3,54	-0,126	3,955	NAN	
3,56	-0,0975	3,95	NAN	
3,58	-0,1035	3,96	NAN	
3,6	-0,102	3,96	NAN	
3,62	-0,048	3,97	NAN	
3,64	-0,1005	3,97	NAN	
3,66	-0,039	3,98	NAN	
3,68	-0,1185	3,98	NAN	
3,7	-0,0255	3,985	NAN	
3,72	-0,0855	3,99	NAN	
3,74	-0,0795	3,99	NAN	
3,76	-0,0795	4	NAN	
3,78	-0,0525	3,995	NAN	
3,8	-0,1215	4,005	NAN	
3,82	-0,1725	4,01	NAN	
3,84	-0,084	4,015	NAN	
3,86	-0,06	4,02	NAN	
3,88	-0,051	4,02	NAN	
3,9	-0,126	4,025	NAN	
3,92	-0,051	4,025	NAN	
3,94	-0,1515	4,035	NAN	
3,96	-0,0405	4,04	NAN	
3,98	-0,084	4,04	NAN	
4	-0,072	4,05	NAN	
4,02	-0,0915	4,05	NAN	
4,04	-0,0915	4,055	NAN	
4,06	-0,0435	4,05	NAN	
4,08	-0,042	4,065	NAN	
4,1	0,0765	4,07	NAN	
4,12	0,0285	4,075	NAN	
4,14	0,018	4,08	NAN	
4,16	0,0435	4,075	NAN	
4,18	-0,048	4,09	NAN	
4,2	0,0045	4,085	NAN	
4,22	0,018	4,1	NAN	
4,24	-0,075	4,095	NAN	
4,26	-0,021	4,105	NAN	
4,28	-0,0585	4,105	NAN	
4,3	-0,003	4,11	NAN	
4,32	-0,096	4,115	NAN	
4,34	0,0675	4,115	NAN	
4,36	-0,036	4,13	NAN	
4,38	0,0315	4,13	NAN	
4,4	0,1215	4,135	NAN	
4,42	-0,0195	4,135	NAN	
4,44	-0,0225	4,145	NAN	
4,46	-0,0495	4,15	NAN	
4,48	0,0345	4,145	NAN	
4,5	-0,0375	4,16	NAN	
4,52	-0,0255	4,155	NAN	
4,54	-0,0255	4,165	NAN	
4,56	0,063	4,165	NAN	
4,58	0,042	4,175	NAN	
4,6	-0,087	4,17	NAN	
4,62	0,0195	4,18	NAN	
4,64	0,081	4,185	NAN	
4,66	0,0765	4,195	NAN	
4,68	-0,0465	4,195	NAN	
4,7	0,039	4,195	NAN	
4,72	-0,0435	4,2	NAN	
4,74	0,0615	4,205	NAN	
4,76	0,0555	4,22	NAN	
4,78	0,027	4,205	NAN	
4,8	-0,0165	4,215	NAN	
4,82	0,1155	4,22	NAN	
4,84	-0,0105	4,22	NAN	
4,86	0,0285	4,23	NAN	
4,88	-0,03	4,225	NAN	
4,9	0,1005	4,24	NAN	
4,92	0,0975	4,23	NAN	
4,94	-0,009	4,245	NAN	
4,96	0,06	4,24	NAN	
4,98	0,018	4,25	NAN	
5	0,0495	4,25	NAN	
5,02	-0,048	4,255	NAN	
5,04	0,042	4,26	NAN	
5,06	0,0735	4,26	NAN	
5,08	0,138	4,275	NAN	
5,1	0,1185	4,265	NAN	
5,12	0,027	4,275	NAN	
5,14	0,036	4,275	NAN	
5,16	0,0225	4,285	NAN	
5,18	0,0375	4,285	NAN	
5,2	0,0225	4,29	NAN	
5,22	0,063	4,3	NAN	
5,24	0,0855	4,295	NAN	
5,26	0,0645	4,3	NAN	
5,28	0,03	4,31	NAN	
5,3	0,0075	4,31	NAN	
5,32	0,0915	4,31	NAN	
5,34	0,0135	4,315	NAN	
5,36	0,099	4,32	NAN	
5,38	0,0135	4,32	NAN	
5,4	0,033	4,325	NAN	
5,42	0,0615	4,32	NAN	
5,44	-0,0105	4,335	NAN	
5,46	-0,0285	4,33	NAN	
5,48	0,003	4,34	NAN	
5,5	0,102	4,34	NAN	
5,52	0,1575	4,345	NAN	
5,54	0,138	4,35	NAN	
5,56	0,057	4,35	NAN	
5,58	0,0795	4,365	NAN	
5,6	0,1095	4,355	NAN	
5,62	0,1125	4,365	NAN	
5,64	0,123	4,36	NAN	
5,66	0,0675	4,375	NAN	
5,68	0,051	4,375	NAN	
5,7	0,0255	4,38	NAN	
5,72	0,0585	4,38	NAN	
5,74	0,171	4,38	NAN	
5,76	0,036	4,39	NAN	
5,78	0,057	4,39	NAN	
5,8	0,12	4,39	NAN	
5,82	0,156	4,4	NAN	
5,84	0,1305	4,395	NAN	
5,86	0,069	4,4	NAN	
5,88	0,204	4,4	NAN	
5,9	0,174	4,41	NAN	
5,92	0,048	4,41	NAN	
5,94	0,039	4,41	NAN	
5,96	0,1185	4,42	NAN	
5,98	-0,003	4,415	NAN	
6	0,1035	4,425	NAN	
6,02	0,084	4,42	NAN	
6,04	0,0795	4,43	NAN	
6,06	0,1125	4,435	NAN	
6,08	0,1125	4,435	NAN	
6,1	0,123	4,44	NAN	
6,12	0,1335	4,44	NAN	
6,14	0,0825	4,45	NAN	
6,16	0,1395	4,45	NAN	
6,18	0,162	4,455	NAN	
6,2	0,105	4,45	NAN	
6,22	0,1275	4,46	NAN	
6,24	0,1905	4,46	NAN	
6,26	0,096	4,46	NAN	
6,28	0,147	4,465	NAN	
6,3	0,1275	4,47	NAN	
6,32	0,1515	4,475	NAN	
6,34	0,0765	4,47	NAN	
6,36	0,1575	4,485	NAN	
6,38	0,1545	4,48	NAN	
6,4	0,1155	4,49	NAN	
6,42	0,0795	4,49	NAN	
6,44	0,069	4,495	NAN	
6,46	0,0645	4,5	NAN	
6,48	0,1275	4,495	NAN	
6,5	0,1125	4,505	NAN	
6,52	0,138	4,505	NAN	
6,54	0,1005	4,51	NAN	
6,56	0,1665	4,51	NAN	
6,58	0,0765	4,51	NAN	
6,6	0,0855	4,52	NAN	
6,62	0,1185	4,515	NAN	
6,64	0,171	4,525	NAN	
6,66	0,1605	4,52	NAN	
6,68	0,1635	4,53	NAN	
6,7	0,162	4,53	NAN	
6,72	0,183	4,535	NAN	
6,74	0,1425	4,54	NAN	
6,76	0,144	4,54	NAN	
6,78	0,06	4,545	NAN	
6,8	0,231	4,545	NAN	
6,82	0,0795	4,555	NAN	
6,84	0,228	4,55	NAN	
6,86	0,1305	4,56	NAN	
6,88	0,168	4,555	NAN	
6,9	0,201	4,565	NAN	
6,92	0,033	4,565	NAN	
6,94	0,159	4,57	NAN	
6,96	0,2445	4,575	NAN	
6,98	0,2025	4,57	NAN	
7	0,1095	4,58	NAN	
7,02	0,153	4,58	NAN	
7,04	0,099	4,58	NAN	
7,06	0,114	4,585	NAN	
7,08	0,1665	4,59	NAN	
7,1	0,0585	4,595	NAN	
7,12	0,129	4,59	NAN	
7,14	0,081	4,605	NAN	
7,16	0,2175	4,595	NAN	
7,18	0,1635	4,605	NAN	
7,2	0,1275	4,605	NAN	
7,22	0,1395	4,615	NAN	
7,24	0,1665	4,62	NAN	
7,26	0,1215	4,62	NAN	
7,28	0,099	4,625	NAN	
7,3	0,186	4,62	NAN	
7,32	0,147	4,63	NAN	
7,34	0,2115	4,63	NAN	
7,36	0,1845	4,635	NAN	
7,38	0,1845	4,64	NAN	
7,4	0,159	4,645	NAN	
7,42	0,117	4,65	NAN	
7,44	0,1125	4,65	NAN	
7,46	0,201	4,655	NAN	
7,48	0,186	4,65	NAN	
7,5	0,0855	4,66	NAN	
7,52	0,1725	4,655	NAN	
7,54	0,1065	4,665	NAN	
7,56	0,162	4,67	NAN	
7,58	0,186	4,665	NAN	
7,6	0,1035	4,675	NAN	
7,62	0,219	4,675	NAN	
7,64	0,114	4,685	NAN	
7,66	0,0165	4,68	NAN	
7,68	0,1155	4,69	NAN	
7,7	0,1755	4,685	NAN	
7,72	0,2145	4,69	NAN	
7,74	0,1725	4,695	NAN	
7,76	0,2175	4,695	NAN	
7,78	0,2415	4,705	NAN	
7,8	0,189	4,7	NAN	
7,82	0,141	4,71	NAN	
7,84	0,1215	4,71	NAN	
7,86	0,1185	4,715	NAN	
7,88	0,1425	4,72	NAN	
7,9	0,183	4,715	NAN	
7,92	0,1845	4,725	NAN	
7,94	0,1995	4,725	NAN	
7,96	0,192	4,73	NAN	
7,98	0,1935	4,73	NAN	
8	0,2145	4,74	NAN	
8,02	0,219	4,74	NAN	
8,04	0,222	4,745	NAN	
8,06	0,234	4,745	NAN	
8,08	0,141	4,75	NAN	
8,1	0,267	4,755	NAN	
8,12	0,1635	4,755	NAN	
8,14	0,1335	4,76	NAN	
8,16	0,2385	4,76	NAN	
8,18	0,3105	4,765	NAN	
8,2	0,081	4,77	NAN	
8,22	0,093	4,77	NAN	
8,24	0,1875	4,785	NAN	
8,26	0,219	4,78	NAN	
8,28	0,093	4,785	NAN	
8,3	0,1635	4,79	NAN	
8,32	0,21	4,79	NAN	
8,34	0,1875	4,79	NAN	
8,36	0,129	4,795	NAN	
8,38	0,2745	4,8	NAN	
8,4	0,189	4,8	NAN	
8,42	0,1455	4,81	NAN	
8,44	0,153	4,805	NAN	
8,46	0,228	4,815	NAN	
8,48	0,234	4,81	NAN	
8,5	0,1935	4,82	NAN	
8,52	0,195	4,82	NAN	
8,54	0,237	4,825	NAN	
8,56	0,2625	4,83	NAN	
8,58	0,138	4,835	NAN	
8,6	0,114	4,835	NAN	
8,62	0,2025	4,84	NAN	
8,64	0,1665	4,845	NAN	
8,66	0,2445	4,845	NAN	
8,68	0,2145	4,845	NAN	
8,7	0,1935	4,85	NAN	
8,72	0,144	4,855	NAN	
8,74	0,255	4,86	NAN	
8,76	0,1875	4,855	NAN	
8,78	0,1635	4,865	NAN	
8,8	0,2205	4,865	NAN	
8,82	0,117	4,87	NAN	
8,84	0,177	4,87	NAN	
8,86	0,1665	4,875	NAN	
8,88	0,1935	4,88	NAN	
8,9	0,213	4,88	NAN	
8,92	0,1185	4,89	NAN	
8,94	0,225	4,89	NAN	
8,96	0,1515	4,895	NAN	
8,98	0,168	4,895	NAN	
9	0,138	4,9	NAN	
9,02	0,264	4,9	NAN	
9,04	0,147	4,905	NAN	
9,06	0,2445	4,91	NAN	
9,08	0,195	4,905	NAN	
9,1	0,162	4,91	NAN	
9,12	0,198	4,91	NAN	
9,14	0,228	4,92	NAN	
9,16	0,2865	4,92	NAN	
9,18	0,2655	4,925	NAN	
9,2	0,201	4,93	NAN	
9,22	0,1605	4,93	NAN	
9,24	0,1725	4,935	NAN	
9,26	0,2115	4,935	NAN	
9,28	0,216	4,945	NAN	
9,3	0,171	4,935	NAN	
9,32	0,2025	4,945	NAN	
9,34	0,213	4,95	NAN	
9,36	0,093	4,96	NAN	
9,38	0,1275	4,96	NAN	
9,4	0,189	4,955	NAN	
9,42	0,1605	4,965	NAN	
9,44	0,24	4,955	NAN	
9,46	0,2955	4,97	NAN	
9,48	0,231	4,97	NAN	
9,5	0,3135	4,975	NAN	
9,52	0,204	4,98	NAN	
9,54	0,249	4,975	NAN	
9,56	0,288	4,985	NAN	
9,58	0,2175	4,98	NAN	
9,6	0,1545	4,99	NAN	
9,62	0,24	4,985	NAN	
9,64	0,279	4,995	NAN	
9,66	0,1845	4,995	NAN	
9,68	0,177	5	NAN	
9,7	0,2775	5	NAN	
9,72	0,2145	5	NAN	
9,74	0,132	5,005	NAN	
9,76	0,216	5,005	NAN	
9,78	0,153	5,015	NAN	
9,8	0,2295	5,01	NAN	
9,82	0,081	5,015	NAN	
9,84	0,2445	5,02	NAN	
9,86	0,204	5,02	NAN	
9,88	0,2115	5,03	NAN	
9,9	0,222	5,025	NAN	
9,92	0,246	5,035	NAN	
9,94	0,1275	5,03	NAN	
9,96	0,216	5,04	NAN	
9,98	0,201	5,035	NAN	
10	0,1545	5,045	NAN	
10,02	0,1995	5,04	NAN	
10,04	0,165	5,045	NAN	
10,06	0,2085	5,05	NAN	
10,08	0,0975	5,05	NAN	
10,1	0,2025	5,055	NAN	
10,12	0,2835	5,055	NAN	
10,14	0,243	5,06	NAN	
10,16	0,168	5,06	NAN	
10,18	0,321	5,065	NAN	
10,2	0,249	5,065	NAN	
10,22	0,174	5,075	NAN	
10,24	0,2085	5,075	NAN	
10,26	0,2565	5,08	NAN	
10,28	0,1875	5,085	NAN	
10,3	0,183	5,08	NAN	
10,32	0,174	5,085	NAN	
10,34	0,2325	5,09	NAN	
10,36	0,3255	5,09	NAN	
10,38	0,2715	5,095	NAN	
10,4	0,234	5,095	NAN	
10,42	0,1815	5,1	NAN	
10,44	0,24	5,105	NAN	
10,46	0,201	5,105	NAN	
10,48	0,2475	5,105	NAN	
10,5	0,2205	5,115	NAN	
10,52	0,1155	5,11	NAN	
10,54	0,183	5,12	NAN	
10,56	0,27	5,125	NAN	
10,58	0,2115	5,125	NAN	
10,6	0,261	5,13	NAN	
10,62	0,297	5,125	NAN	
10,64	0,276	5,135	NAN	
10,66	0,2595	5,13	NAN	
10,68	0,228	5,14	NAN	
10,7	0,258	5,135	NAN	
10,72	0,255	5,145	NAN	
10,74	0,237	5,15	NAN	
10,76	0,1785	5,145	NAN	
10,78	0,1905	5,155	NAN	
10,8	0,1965	5,15	NAN	
10,82	0,129	5,16	NAN	
10,84	0,288	5,155	NAN	
10,86	0,2715	5,165	NAN	
10,88	0,186	5,16	NAN	
10,9	0,216	5,17	NAN	
10,92	0,153	5,165	NAN	
10,94	0,324	5,17	NAN	
10,96	0,2565	5,175	NAN	
10,98	0,2205	5,17	NAN	
11	0,243	5,19	NAN	
11,02	0,3	5,18	NAN	
11,04	0,2415	5,18	NAN	
11,06	0,1905	5,18	NAN	
11,08	0,1305	5,19	NAN	
11,1	0,2175	5,19	NAN	
11,12	0,3585	5,195	NAN	
11,14	0,33	5,195	NAN	
11,16	0,2925	5,2	NAN	
11,18	0,258	5,21	NAN	
11,2	0,2445	5,2	NAN	
11,22	0,264	5,21	NAN	
11,24	0,2205	5,21	NAN	
11,26	0,273	5,21	NAN	
11,28	0,2145	5,215	NAN	
11,3	0,2565	5,215	NAN	
11,32	0,261	5,225	NAN	
11,34	0,2685	5,22	NAN	
11,36	0,369	5,225	NAN	
11,38	0,2325	5,225	NAN	
11,4	0,192	5,23	NAN	
11,42	0,114	5,23	NAN	
11,44	0,243	5,24	NAN	
11,46	0,111	5,245	NAN	
11,48	0,135	5,24	NAN	
11,5	0,2715	5,245	NAN	
11,52	0,3075	5,245	NAN	
11,54	0,255	5,25	NAN	
11,56	0,2295	5,25	NAN	
11,58	0,285	5,25	NAN	
11,6	0,162	5,25	NAN	
11,62	0,243	5,26	NAN	
11,64	0,2595	5,255	NAN	
11,66	0,2295	5,265	NAN	
11,68	0,2895	5,265	NAN	
11,7	0,1965	5,265	NAN	
11,72	0,225	5,27	NAN	
11,74	0,2325	5,27	NAN	
11,76	0,1575	5,275	NAN	
11,78	0,2745	5,275	NAN	
11,8	0,2805	5,285	NAN	
11,82	0,1695	5,28	NAN	
11,84	0,231	5,285	NAN	
11,86	0,2985	5,285	NAN	
11,88	0,2445	5,285	NAN	
11,9	0,177	5,29	NAN	
11,92	0,2685	5,29	NAN	
11,94	0,246	5,295	NAN	
11,96	0,2355	5,295	NAN	
11,98	0,186	5,305	NAN	
12	0,2595	5,3	NAN	
12,02	0,2385	5,31	NAN	
12,04	0,237	5,305	NAN	
12,06	0,2715	5,315	NAN	
12,08	0,2445	5,315	NAN	
12,1	0,1665	5,315	NAN	
12,12	0,228	5,32	NAN	
12,14	0,174	5,32	NAN	
12,16	0,234	5,325	NAN	
12,18	0,1455	5,32	NAN	
12,2	0,2115	5,33	NAN	
12,22	0,279	5,325	NAN	
12,24	0,285	5,33	NAN	
12,26	0,249	5,33	NAN	
12,28	0,2745	5,335	NAN	
12,3	0,2595	5,34	NAN	
12,32	0,2625	5,335	NAN	
12,34	0,1545	5,35	NAN	
12,36	0,2385	5,34	NAN	
12,38	0,2595	5,355	NAN	
12,4	0,1995	5,345	NAN	
12,42	0,279	5,355	NAN	
12,44	0,222	5,355	NAN	
12,46	0,33	5,365	NAN	
12,48	0,261	5,36	NAN	
12,5	0,2535	5,365	NAN	
12,52	0,153	5,37	NAN	
12,54	0,2955	5,37	NAN	
12,56	0,2025	5,37	NAN	
12,58	0,174	5,37	NAN	
12,6	0,1755	5,375	NAN	
12,62	0,0705	5,38	NAN	
12,64	0,2475	5,375	NAN	
12,66	0,2205	5,385	NAN	
12,68	0,1995	5,38	NAN	
12,7	0,186	5,39	NAN	
12,72	0,231	5,385	NAN	
12,74	0,2295	5,395	NAN	
12,76	0,18	5,39	NAN	
12,78	0,1695	5,4	NAN	
12,8	0,261	5,4	NAN	
12,82	0,243	5,4	NAN	
12,84	0,2295	5,405	NAN	
12,86	0,2415	5,41	NAN	
12,88	0,1725	5,415	NAN	
12,9	0,1905	5,41	NAN	
12,92	0,1575	5,415	NAN	
12,94	0,24	5,415	NAN	
12,96	0,2925	5,415	NAN	
12,98	0,2715	5,415	NAN	
13	0,282	5,42	NAN	
13,02	0,192	5,425	NAN	
13,04	0,249	5,42	NAN	
13,06	0,2085	5,43	NAN	
13,08	0,1935	5,425	NAN	
13,1	0,1935	5,435	NAN	
13,12	0,252	5,435	NAN	
13,14	0,147	5,435	NAN	
13,16	0,1905	5,44	NAN	
13,18	0,2775	5,45	NAN	
13,2	0,2385	5,445	NAN	
13,22	0,261	5,44	NAN	
13,24	0,1455	5,45	NAN	
13,26	0,2385	5,445	NAN	
13,28	0,3495	5,45	NAN	
13,3	0,21	5,455	NAN	
13,32	0,2535	5,46	NAN	
13,34	0,2445	5,455	NAN	
13,36	0,225	5,455	NAN	
13,38	0,27	5,46	NAN	
13,4	0,2565	5,46	NAN	
13,42	0,3435	5,465	NAN	
13,44	0,2475	5,46	NAN	
13,46	0,249	5,47	NAN	
13,48	0,2415	5,47	NAN	
13,5	0,282	5,47	NAN	
13,52	0,186	5,475	NAN	
13,54	0,2865	5,47	NAN	
13,56	0,12	5,48	NAN	
13,58	0,288	5,47	NAN	
13,6	0,2145	5,48	NAN	
13,62	0,2295	5,48	NAN	
13,64	0,216	5,485	NAN	
13,66	0,168	5,485	NAN	
13,68	0,159	5,485	NAN	
13,7	0,267	5,485	NAN	
13,72	0,249	5,485	NAN	
13,74	0,285	5,495	NAN	
13,76	0,2265	5,495	NAN	
13,78	0,1785	5,5	NAN	
13,8	0,24	5,49	NAN	
13,82	0,183	5,495	NAN	
13,84	0,1755	5,495	NAN	
13,86	0,2715	5,5	NAN	
13,88	0,2175	5,51	NAN	
13,9	0,249	5,505	NAN	
13,92	0,1935	5,51	NAN	
13,94	0,192	5,5	NAN	
13,96	0,2265	5,51	NAN	
13,98	0,1905	5,505	NAN	
14	0,189	5,515	NAN	
14,02	0,1725	5,515	NAN	
14,04	0,2205	5,515	NAN	
14,06	0,21	5,52	NAN	
14,08	0,2085	5,515	NAN	
14,1	0,186	5,525	NAN	
14,12	0,219	5,515	NAN	
14,14	0,1755	5,53	NAN	
14,16	0,2475	5,525	NAN	
14,18	0,201	5,525	NAN	
14,2	0,258	5,53	NAN	
14,22	0,1545	5,53	NAN	
14,24	0,2505	5,53	NAN	
14,26	0,231	5,53	NAN	
14,28	0,2055	5,535	NAN	
14,3	0,237	5,535	NAN	
14,32	0,2415	5,535	NAN	
14,34	0,315	5,545	NAN	
14,36	0,1635	5,54	NAN	
14,38	0,198	5,545	NAN	
14,4	0,1725	5,54	NAN	
14,42	0,2625	5,55	NAN	
14,44	0,186	5,54	NAN	
14,46	0,2085	5,55	NAN	
14,48	0,2475	5,545	NAN	
14,5	0,2295	5,555	NAN	
14,52	0,1395	5,55	NAN	
14,54	0,186	5,555	NAN	
14,56	0,1965	5,555	NAN	
14,58	0,2415	5,555	NAN	
14,6	0,177	5,565	NAN	
14,62	0,261	5,56	NAN	
14,64	0,2265	5,565	NAN	
14,66	0,216	5,565	NAN	
14,68	0,225	5,565	NAN	
14,7	0,1485	5,565	NAN	
14,72	0,2265	5,57	NAN	
14,74	0,258	5,575	NAN	
14,76	0,213	5,565	NAN	
14,78	0,1725	5,58	NAN	
14,8	0,2535	5,565	NAN	
14,82	0,1905	5,58	NAN	
14,84	0,2145	5,575	NAN	
14,86	0,1245	5,58	NAN	
14,88	0,2475	5,58	NAN	
14,9	0,252	5,58	NAN	
14,92	0,2115	5,59	NAN	
14,94	0,207	5,575	NAN	
14,96	0,174	5,585	NAN	
14,98	0,2685	5,59	NAN	
15	0,1965	5,59	NAN	
15,02	0,216	5,59	NAN	
15,04	0,1995	5,59	NAN	
15,06	0,1125	5,6	NAN	
15,08	0,231	5,595	NAN	
15,1	0,1365	5,6	NAN	
15,12	0,267	5,595	NAN	
15,14	0,2805	5,6	NAN	
15,16	0,2025	5,6	NAN	
15,18	0,1425	5,605	NAN	
15,2	0,1785	5,6	NAN	
15,22	0,2355	5,605	NAN	
15,24	0,2235	5,61	NAN	
15,26	0,2415	5,615	NAN	
15,28	0,1395	5,615	NAN	
15,3	0,2055	5,61	NAN	
15,32	0,201	5,615	NAN	
15,34	0,1845	5,61	NAN	
15,36	0,216	5,615	NAN	
15,38	0,2055	5,61	NAN	
15,4	0,111	5,615	NAN	
15,42	0,15	5,62	NAN	
15,44	0,2055	5,62	NAN	
15,46	0,2535	5,63	NAN	
15,48	0,207	5,62	NAN	
15,5	0,141	5,625	NAN	
15,52	0,2145	5,625	NAN	
15,54	0,1905	5,625	NAN	
15,56	0,114	5,63	NAN	
15,58	0,1995	5,63	NAN	
15,6	0,288	5,63	NAN	
15,62	0,192	5,63	NAN	
15,64	0,1605	5,635	NAN	
15,66	0,2295	5,63	NAN	
15,68	0,2355	5,64	NAN	
15,7	0,0825	5,63	NAN	
15,72	0,2175	5,635	NAN	
15,74	0,159	5,635	NAN	
15,76	0,204	5,64	NAN	
15,78	0,1725	5,645	NAN	
15,8	0,2205	5,64	NAN	
15,82	0,1005	5,65	NAN	
15,84	0,2235	5,64	NAN	
15,86	0,1335	5,65	NAN	
15,88	0,2505	5,645	NAN	
15,9	0,252	5,65	NAN	
15,92	0,201	5,65	NAN	
15,94	0,108	5,65	NAN	
15,96	0,2475	5,65	NAN	
15,98	0,189	5,65	NAN	
16	0,132	5,655	NAN	
16,02	0,204	5,65	NAN	
16,04	0,309	5,655	NAN	
16,06	0,219	5,65	NAN	
16,08	0,2685	5,655	NAN	
16,1	0,2355	5,655	NAN	
16,12	0,1395	5,66	NAN	
16,14	0,1515	5,66	NAN	
16,16	0,18	5,66	NAN	
16,18	0,1905	5,66	NAN	
16,2	0,2535	5,66	NAN	
16,22	0,2535	5,67	NAN	
16,24	0,2415	5,66	NAN	
16,26	0,24	5,665	NAN	
16,28	0,177	5,665	NAN	
16,3	0,144	5,665	NAN	
16,32	0,2205	5,665	NAN	
16,34	0,135	5,665	NAN	
16,36	0,2055	5,67	NAN	
16,38	0,2295	5,665	NAN	
16,4	0,135	5,67	NAN	
16,42	0,1995	5,67	NAN	
16,44	0,189	5,665	NAN	
16,46	0,234	5,67	NAN	
16,48	0,1905	5,67	NAN	
16,5	0,177	5,675	NAN	
16,52	0,1545	5,665	NAN	
16,54	0,132	5,675	NAN	
16,56	0,237	5,67	NAN	
16,58	0,159	5,675	NAN	
16,6	0,1185	5,67	NAN	
16,62	0,24	5,675	NAN	
16,64	0,1305	5,675	NAN	
16,66	0,1575	5,675	NAN	
16,68	0,1845	5,675	NAN	
16,7	0,162	5,675	NAN	
16,72	0,1905	5,68	NAN	
16,74	0,1695	5,675	NAN	
16,76	0,2235	5,68	NAN	
16,78	0,15	5,675	NAN	
16,8	0,162	5,68	NAN	
16,82	0,123	5,68	NAN	
16,84	0,1875	5,68	NAN	
16,86	0,2055	5,68	NAN	
16,88	0,1845	5,68	NAN	
16,9	0,2715	5,68	NAN	
16,92	0,138	5,68	NAN	
16,94	0,2145	5,68	NAN	
16,96	0,2625	5,68	NAN	
16,98	0,159	5,68	NAN	
17	0,234	5,68	NAN	
17,02	0,2085	5,685	NAN	
17,04	0,21	5,685	NAN	
17,06	0,0975	5,685	NAN	
17,08	0,0615	5,685	NAN	
17,1	0,159	5,68	NAN	
17,12	0,2205	5,69	NAN	
17,14	0,27	5,685	NAN	
17,16	0,1995	5,685	NAN	
17,18	0,18	5,69	NAN	
17,2	0,144	5,685	NAN	
17,22	0,177	5,69	NAN	
17,24	0,171	5,685	NAN	
17,26	0,2445	5,685	NAN	
17,28	0,216	5,685	NAN	
17,3	0,1065	5,69	NAN	
17,32	0,1395	5,69	NAN	
17,34	0,243	5,685	NAN	
17,36	0,2235	5,69	NAN	
17,38	0,237	5,685	NAN	
17,4	0,1185	5,69	NAN	
17,42	0,2115	5,69	NAN	
17,44	0,1845	5,69	NAN	
17,46	0,138	5,685	NAN	
17,48	0,1335	5,69	NAN	
17,5	0,1635	5,69	NAN	
17,52	0,177	5,69	NAN	
17,54	0,3105	5,69	NAN	
17,56	0,1605	5,69	NAN	
17,58	0,141	5,69	NAN	
17,6	0,1995	5,695	NAN	
17,62	0,165	5,69	NAN	
17,64	0,075	5,69	NAN	
17,66	0,1395	5,69	NAN	
17,68	0,2205	5,685	NAN	
17,7	0,042	5,695	NAN	
17,72	0,138	5,69	NAN	
17,74	0,165	5,695	NAN	
17,76	0,2355	5,695	NAN	
17,78	0,138	5,69	NAN	
17,8	0,2145	5,695	NAN	
17,82	0,12	5,69	NAN	
17,84	0,1845	5,695	NAN	
17,86	0,153	5,685	NAN	
17,88	0,261	5,695	NAN	
17,9	0,2175	5,69	NAN	
17,92	0,1185	5,695	NAN	
17,94	0,1515	5,69	NAN	
17,96	0,174	5,695	NAN	
17,98	0,1995	5,695	NAN	
18	0,087	5,69	NAN	
18,02	0,102	5,695	NAN	
18,04	0,177	5,69	NAN	
18,06	0,1485	5,69	NAN	
18,08	0,2295	5,69	NAN	
18,1	0,12	5,69	NAN	
18,12	0,1995	5,695	NAN	
18,14	0,057	5,69	NAN	
18,16	0,144	5,69	NAN	
18,18	0,171	5,685	NAN	
18,2	0,144	5,695	NAN	
18,22	0,1995	5,685	NAN	
18,24	0,126	5,695	NAN	
18,26	0,1575	5,685	NAN	
18,28	0,1305	5,695	NAN	
18,3	0,1575	5,685	NAN	
18,32	0,189	5,695	NAN	
18,34	0,264	5,695	NAN	
18,36	0,357	5,69	NAN	
18,38	0,213	5,695	NAN	
18,4	0,1905	5,69	NAN	
18,42	0,174	5,69	NAN	
18,44	0,1545	5,69	NAN	
18,46	0,1935	5,69	NAN	
18,48	0,147	5,69	NAN	
18,5	0,2115	5,69	NAN	
18,52	0,162	5,695	NAN	
18,54	0,189	5,685	NAN	
18,56	0,2235	5,695	NAN	
18,58	0,1875	5,68	NAN	
18,6	0,195	5,695	NAN	
18,62	0,123	5,68	NAN	
18,64	0,168	5,69	NAN	
18,66	0,192	5,68	NAN	
18,68	0,1515	5,69	NAN	
18,7	0,1065	5,69	NAN	
18,72	0,141	5,685	NAN	
18,74	0,2265	5,69	NAN	
18,76	0,183	5,685	NAN	
18,78	0,258	5,69	NAN	
18,8	0,2835	5,68	NAN	
18,82	0,138	5,69	NAN	
18,84	0,1065	5,68	NAN	
18,86	0,177	5,685	NAN	
18,88	0,24	5,685	NAN	
18,9	0,1155	5,685	NAN	
18,92	0,144	5,685	NAN	
18,94	0,2385	5,68	NAN	
18,96	0,1155	5,685	NAN	
18,98	0,129	5,675	NAN	
19	0,1815	5,685	NAN	
19,02	0,1095	5,675	NAN	
19,04	0,156	5,685	NAN	
19,06	0,159	5,675	NAN	
19,08	0,2295	5,675	NAN	
19,1	0,2265	5,68	NAN	
19,12	0,2565	5,675	NAN	
19,14	0,0915	5,68	NAN	
19,16	0,2475	5,67	NAN	
19,18	0,2175	5,68	NAN	
19,2	0,2445	5,67	NAN	
19,22	0,1665	5,68	NAN	
19,24	0,2055	5,67	NAN	
19,26	0,207	5,675	NAN	
19,28	0,1035	5,675	NAN	
19,3	0,201	5,67	NAN	
19,32	0,114	5,675	NAN	
19,34	0,1215	5,665	NAN	
19,36	0,105	5,67	NAN	
19,38	0,246	5,665	NAN	
19,4	0,21	5,67	NAN	
19,42	0,1875	5,67	NAN	
19,44	0,1575	5,67	NAN	
19,46	0,1425	5,665	NAN	
19,48	0,204	5,665	NAN	
19,5	0,0735	5,67	NAN	
19,52	0,231	5,655	NAN	
19,54	0,114	5,67	NAN	
19,56	0,12	5,665	NAN	
19,58	0,201	5,665	NAN	
19,6	0,177	5,665	NAN	
19,62	0,231	5,655	NAN	
19,64	0,111	5,66	NAN	
19,66	0,1575	5,66	NAN	
19,68	0,2745	5,665	NAN	
19,7	0,087	5,655	NAN	
19,72	0,228	5,66	NAN	
19,74	0,228	5,655	NAN	
19,76	0,1515	5,66	NAN	
19,78	0,273	5,655	NAN	
19,8	0,147	5,655	NAN	
19,82	0,234	5,655	NAN	
19,84	0,1185	5,655	NAN	
19,86	0,1395	5,655	NAN	
19,88	0,1665	5,65	NAN	
19,9	0,2205	5,655	NAN	
19,92	0,2325	5,645	NAN	
19,94	0,165	5,65	NAN	
19,96	0,2715	5,65	NAN	
19,98	0,1785	5,65	NAN	
20	0,1755	5,645	NAN	
20,02	0,213	5,645	NAN	
20,04	0,1905	5,65	NAN	
20,06	0,1755	5,645	NAN	
20,08	0,129	5,645	NAN	
20,1	0,189	5,635	NAN	
20,12	0,198	5,64	NAN	
20,14	0,1785	5,64	NAN	
20,16	0,1725	5,64	NAN	
20,18	0,144	5,645	NAN	
20,2	0,1155	5,64	NAN	
20,22	0,1725	5,635	NAN	
20,24	0,3345	5,635	NAN	
20,26	0,18	5,64	NAN	
20,28	0,0705	5,63	NAN	
20,3	0,201	5,64	NAN	
20,32	0,243	5,63	NAN	
20,34	0,1845	5,635	NAN	
20,36	0,0975	5,63	NAN	
20,38	0,138	5,635	NAN	
20,4	0,3675	5,63	NAN	
20,42	0,2025	5,63	NAN	
20,44	0,18	5,63	NAN	
20,46	0,183	5,62	NAN	
20,48	0,195	5,625	NAN	
20,5	0,159	5,62	NAN	
20,52	0,156	5,63	NAN	
20,54	0,1695	5,62	NAN	
20,56	0,177	5,625	NAN	
20,58	0,066	5,62	NAN	
20,6	0,204	5,62	NAN	
20,62	0,18	5,62	NAN	
20,64	0,138	5,615	NAN	
20,66	0,165	5,62	NAN	
20,68	0,2115	5,61	NAN	
20,7	0,111	5,62	NAN	
20,72	0,135	5,61	NAN	
20,74	0,2385	5,615	NAN	
20,76	0,132	5,61	NAN	
20,78	0,1755	5,61	NAN	
20,8	0,123	5,61	NAN	
20,82	0,1485	5,605	NAN	
20,84	0,2235	5,605	NAN	
20,86	0,1095	5,605	NAN	
20,88	0,198	5,605	NAN	
20,9	0,1305	5,605	NAN	
20,92	0,219	5,605	NAN	
20,94	0,2055	5,605	NAN	
20,96	0,18	5,6	NAN	
20,98	0,1455	5,6	NAN	
21	0,2205	5,6	NAN	
21,02	0,171	5,6	NAN	
21,04	0,2025	5,595	NAN	
21,06	0,225	5,595	NAN	
21,08	0,1245	5,595	NAN	
21,1	0,15	5,59	NAN	
21,12	0,1995	5,595	NAN	
21,14	0,2775	5,59	NAN	
21,16	0,0795	5,59	NAN	
21,18	0,18	5,59	NAN	
21,2	0,1635	5,59	NAN	
21,22	0,123	5,585	NAN	
21,24	0,147	5,59	NAN	
21,26	0,18	5,58	NAN	
21,28	0,186	5,585	NAN	
21,3	0,1875	5,585	NAN	
21,32	0,222	5,58	NAN	
21,34	0,2655	5,58	NAN	
21,36	0,1545	5,575	NAN	
21,38	0,201	5,58	NAN	
21,4	0,204	5,575	NAN	
21,42	0,1815	5,585	NAN	
21,44	0,243	5,575	NAN	
21,46	0,1455	5,575	NAN	
21,48	0,1425	5,575	NAN	
21,5	0,177	5,57	NAN	
21,52	0,1995	5,57	NAN	
21,54	0,18	5,56	NAN	
21,56	0,225	5,57	NAN	
21,58	0,1215	5,565	NAN	
21,6	0,108	5,57	NAN	
21,62	0,1635	5,56	NAN	
21,64	0,1965	5,56	NAN	
21,66	0,1905	5,56	NAN	
21,68	0,2235	5,555	NAN	
21,7	0,204	5,56	NAN	
21,72	0,252	5,55	NAN	
21,74	0,1635	5,56	NAN	
21,76	0,225	5,55	NAN	
21,78	0,159	5,555	NAN	
21,8	0,231	5,545	NAN	
21,82	0,078	5,55	NAN	
21,84	0,1875	5,55	NAN	
21,86	0,2535	5,55	NAN	
21,88	0,216	5,55	NAN	
21,9	0,024	5,545	NAN	
21,92	0,129	5,55	NAN	
21,94	0,1005	5,54	NAN	
21,96	0,2145	5,545	NAN	
21,98	0,177	5,54	NAN	
22	0,1065	5,545	NAN	
22,02	0,1515	5,54	NAN	
22,04	0,1575	5,535	NAN	
22,06	0,267	5,535	NAN	
22,08	0,201	5,535	NAN	
22,1	0,183	5,535	NAN	
22,12	0,2085	5,53	NAN	
22,14	0,174	5,535	NAN	
22,16	0,1845	5,525	NAN	
22,18	0,0585	5,53	NAN	
22,2	0,1605	5,525	NAN	
22,22	0,129	5,525	NAN	
22,24	0,2325	5,53	NAN	
22,26	0,1365	5,525	NAN	
22,28	0,204	5,535	NAN	
22,3	0,2505	5,52	NAN	
22,32	0,1365	5,52	NAN	
22,34	0,2235	5,515	NAN	
22,36	0,114	5,52	NAN	
22,38	0,144	5,515	NAN	
22,4	0,2175	5,51	NAN	
22,42	0,183	5,515	NAN	
22,44	0,1365	5,505	NAN	
22,46	0,24	5,51	NAN	
22,48	0,1905	5,505	NAN	
22,5	0,1095	5,505	NAN	
22,52	0,225	5,505	NAN	
22,54	0,1845	5,505	NAN	
22,56	0,198	5,505	NAN	
22,58	0,117	5,5	NAN	
22,6	0,1545	5,505	NAN	
22,62	0,1725	5,495	NAN	
22,64	0,12	5,495	NAN	
22,66	0,255	5,49	NAN	
22,68	0,1335	5,495	NAN	
22,7	0,273	5,49	NAN	
22,72	0,0885	5,49	NAN	
22,74	0,1515	5,49	NAN	
22,76	0,2445	5,49	NAN	
22,78	0,2625	5,49	NAN	
22,8	0,2325	5,48	NAN	
22,82	0,1275	5,49	NAN	
22,84	0,1755	5,48	NAN	
22,86	0,204	5,48	NAN	
22,88	0,246	5,475	NAN	
22,9	0,1935	5,48	NAN	
22,92	0,1425	5,475	NAN	
22,94	0,213	5,47	NAN	
22,96	0,2385	5,475	NAN	
22,98	0,2175	5,465	NAN	
23	0,288	5,47	NAN	
23,02	0,1305	5,465	NAN	
23,04	0,1755	5,465	NAN	
23,06	0,204	5,465	NAN	
23,08	0,2025	5,465	NAN	
23,1	0,2295	5,465	NAN	
23,12	0,105	5,46	NAN	
23,14	0,1815	5,46	NAN	
23,16	0,129	5,455	NAN	
23,18	0,132	5,455	NAN	
23,2	0,189	5,45	NAN	
23,22	0,264	5,45	NAN	
23,24	0,2355	5,445	NAN	
23,26	0,1815	5,445	NAN	
23,28	0,2655	5,445	NAN	
23,3	0,1725	5,445	NAN	
23,32	0,1155	5,445	NAN	
23,34	0,1905	5,435	NAN	
23,36	0,0795	5,445	NAN	
23,38	0,255	5,44	NAN	
23,4	0,1845	5,44	NAN	
23,42	0,1305	5,43	NAN	
23,44	0,1305	5,435	NAN	
23,46	0,1575	5,435	NAN	
23,48	0,162	5,425	NAN	
23,5	0,186	5,43	NAN	
23,52	0,159	5,42	NAN	
23,54	0,2265	5,425	NAN	
23,56	0,0855	5,42	NAN	
23,58	0,1635	5,42	NAN	
23,6	0,114	5,425	NAN	
23,62	0,1995	5,42	NAN	
23,64	0,2805	5,42	NAN	
23,66	0,09	5,41	NAN	
23,68	0,228	5,415	NAN	
23,7	0,162	5,405	NAN	
23,72	0,138	5,41	NAN	
23,74	0,102	5,405	NAN	
23,76	0,204	5,41	NAN	
23,78	0,162	5,405	NAN	
23,8	0,2415	5,4	NAN	
23,82	0,1515	5,405	NAN	
23,84	0,2385	5,405	NAN	
23,86	0,186	5,4	NAN	
23,88	0,2355	5,39	NAN	
23,9	0,1965	5,395	NAN	
23,92	0,2565	5,39	NAN	
23,94	0,165	5,39	NAN	
23,96	0,222	5,39	NAN	
23,98	0,2205	5,385	NAN	
24	0,1845	5,39	NAN	
24,02	0,216	5,385	NAN	
24,04	0,279	5,385	NAN	
24,06	0,1275	5,38	NAN	
24,08	0,2535	5,385	NAN	
24,1	0,1935	5,375	NAN	
24,12	0,156	5,38	NAN	
24,14	0,2625	5,375	NAN	
24,16	0,165	5,375	NAN	
24,18	0,141	5,375	NAN	
24,2	0,189	5,365	NAN	
24,22	0,264	5,37	NAN	
24,24	0,198	5,365	NAN	
24,26	0,159	5,37	NAN	
24,28	0,2805	5,36	NAN	
24,3	0,087	5,365	NAN	
24,32	0,243	5,355	NAN	
24,34	0,168	5,36	NAN	
24,36	0,1605	5,36	NAN	
24,38	0,1995	5,355	NAN	
24,4	0,162	5,355	NAN	
24,42	0,135	5,35	NAN	
24,44	0,18	5,35	NAN	
24,46	0,1335	5,345	NAN	
24,48	0,192	5,345	NAN	
24,5	0,252	5,345	NAN	
24,52	0,1305	5,345	NAN	
24,54	0,237	5,34	NAN	
24,56	0,2085	5,335	NAN	
24,58	0,2145	5,34	NAN	
24,6	0,2805	5,33	NAN	
24,62	0,267	5,335	NAN	
24,64	0,102	5,33	NAN	
24,66	0,144	5,335	NAN	
24,68	0,2235	5,33	NAN	
24,7	0,258	5,33	NAN	
24,72	0,2295	5,325	NAN	
24,74	0,0495	5,325	NAN	
24,76	0,2295	5,335	NAN	
24,78	0,0975	5,315	NAN	
24,8	0,1665	5,32	NAN	
24,82	0,141	5,315	NAN	
24,84	0,216	5,315	NAN	
24,86	0,1065	5,31	NAN	
24,88	0,111	5,31	NAN	
24,9	0,228	5,31	NAN	
24,92	0,1335	5,3	NAN	
24,94	0,1785	5,31	NAN	
24,96	0,249	5,3	NAN	
24,98	0,1635	5,305	NAN	
25	0,2775	5,295	NAN	
25,02	0,1365	5,3	NAN	
25,04	0,177	5,3	NAN	
25,06	0,264	5,295	NAN	
25,08	0,1515	5,285	NAN	
25,1	0,138	5,29	NAN	
25,12	0,2055	5,29	NAN	
25,14	0,2295	5,28	NAN	
25,16	0,1545	5,29	NAN	
25,18	0,1515	5,28	NAN	
25,2	0,1635	5,28	NAN	
25,22	0,2055	5,28	NAN	
25,24	0,132	5,28	NAN	
25,26	0,2655	5,275	NAN	
25,28	0,0975	5,275	NAN	
25,3	0,1335	5,275	NAN	
25,32	0,288	5,265	NAN	
25,34	0,2655	5,27	NAN	
25,36	0,264	5,26	NAN	
25,38	0,1905	5,27	NAN	
25,4	0,057	5,26	NAN	
25,42	0,144	5,26	NAN	
25,44	0,1725	5,255	NAN	
25,46	0,1845	5,255	NAN	
25,48	0,165	5,26	NAN	
25,5	0,2565	5,25	NAN	
25,52	0,1935	5,255	NAN	
25,54	0,195	5,245	NAN	
25,56	0,249	5,25	NAN	
25,58	0,222	5,24	NAN	
25,6	0,2475	5,245	NAN	
25,62	0,261	5,245	NAN	
25,64	0,222	5,245	NAN	
25,66	0,222	5,24	NAN	
25,68	0,1905	5,235	NAN	
25,7	0,321	5,235	NAN	
25,72	0,1665	5,23	NAN	
25,74	0,189	5,235	NAN	
25,76	0,1875	5,225	NAN	
25,78	0,111	5,23	NAN	
25,8	0,1485	5,225	NAN	
25,82	0,201	5,225	NAN	
25,84	0,195	5,225	NAN	
25,86	0,1485	5,215	NAN	
25,88	0,159	5,22	NAN	
25,9	0,1395	5,215	NAN	
25,92	0,291	5,22	NAN	
25,94	0,2325	5,205	NAN	
25,96	0,2565	5,21	NAN	
25,98	0,153	5,2	NAN	
26	0,264	5,205	NAN	
26,02	0,156	5,2	NAN	
26,04	0,1695	5,205	NAN	
26,06	0,2265	5,2	NAN	
26,08	0,27	5,195	NAN	
26,1	0,2805	5,195	NAN	
26,12	0,216	5,19	NAN	
26,14	0,1575	5,195	NAN	
26,16	0,24	5,185	NAN	
26,18	0,234	5,185	NAN	
26,2	0,1605	5,18	NAN	
26,22	0,1515	5,19	NAN	
26,24	0,0705	5,18	NAN	
26,26	0,195	5,17	NAN	
26,28	0,252	5,18	NAN	
26,3	0,1545	5,17	NAN	
26,32	0,1965	5,175	NAN	
26,34	0,249	5,16	NAN	
26,36	0,147	5,17	NAN	
26,38	0,2955	5,155	NAN	
26,4	0,1395	5,16	NAN	
26,42	0,204	5,16	NAN	
26,44	0,24	5,155	NAN	
26,46	0,2685	5,16	NAN	
26,48	0,2295	5,145	NAN	
26,5	0,2565	5,155	NAN	
26,52	0,204	5,145	NAN	
26,54	0,162	5,15	NAN	
26,56	0,1065	5,14	NAN	
26,58	0,153	5,145	NAN	
26,6	0,204	5,135	NAN	
26,62	0,213	5,14	NAN	
26,64	0,1935	5,135	NAN	
26,66	0,2715	5,13	NAN	
26,68	0,213	5,13	NAN	
26,7	0,1395	5,125	NAN	
26,72	0,2655	5,135	NAN	
26,74	0,1995	5,115	NAN	
26,76	0,1065	5,115	NAN	
26,78	0,174	5,11	NAN	
26,8	0,231	5,115	NAN	
26,82	0,21	5,11	NAN	
26,84	0,2115	5,11	NAN	
26,86	0,2745	5,105	NAN	
26,88	0,3015	5,1	NAN	
26,9	0,1095	5,105	NAN	
26,92	0,2805	5,095	NAN	
26,94	0,222	5,1	NAN	
26,96	0,2235	5,09	NAN	
26,98	0,1545	5,09	NAN	
27	0,2505	5,09	NAN	
27,02	0,1995	5,085	NAN	
27,04	0,0975	5,085	NAN	
27,06	0,132	5,08	NAN	
27,08	0,177	5,085	NAN	
27,1	0,1935	5,07	NAN	
27,12	0,153	5,075	NAN	
27,14	0,165	5,07	NAN	
27,16	0,249	5,075	NAN	
27,18	0,2565	5,065	NAN	
27,2	0,219	5,065	NAN	
27,22	0,1995	5,06	NAN	
27,24	0,192	5,06	NAN	
27,26	0,1785	5,06	NAN	
27,28	0,1005	5,055	NAN	
27,3	0,2415	5,06	NAN	
27,32	0,2535	5,05	NAN	
27,34	0,159	5,055	NAN	
27,36	0,2595	5,04	NAN	
27,38	0,12	5,05	NAN	
27,4	0,168	5,04	NAN	
27,42	0,2385	5,04	NAN	
27,44	0,204	5,04	NAN	
27,46	0,2445	5,035	NAN	
27,48	0,2025	5,03	NAN	
27,5	0,1845	5,025	NAN	
27,52	0,225	5,03	NAN	
27,54	0,084	5,02	NAN	
27,56	0,1515	5,025	NAN	
27,58	0,1755	5,015	NAN	
27,6	0,2505	5,02	NAN	
27,62	0,2085	5,015	NAN	
27,64	0,2355	5,015	NAN	
27,66	0,096	5,01	NAN	
27,68	0,2355	5,005	NAN	
27,7	0,2235	5,01	NAN	
27,72	0,2445	5	NAN	
27,74	0,1845	5,005	NAN	
27,76	0,2295	4,995	NAN	
27,78	0,2235	5	NAN	
27,8	0,2025	4,995	NAN	
27,82	0,1815	4,99	NAN	
27,84	0,2415	4,99	NAN	
27,86	0,204	4,985	NAN	
27,88	0,1845	4,985	NAN	
27,9	0,1575	4,975	NAN	
27,92	0,2925	4,98	NAN	
27,94	0,201	4,97	NAN	
27,96	0,339	4,97	NAN	
27,98	0,183	4,965	NAN	
28	0,282	4,965	NAN	
28,02	0,21	4,96	NAN	
28,04	0,0795	4,96	NAN	
28,06	0,123	4,96	NAN	
28,08	0,1605	4,95	NAN	
28,1	0,1275	4,95	NAN	
28,12	0,2175	4,94	NAN	
28,14	0,2055	4,945	NAN	
28,16	0,228	4,94	NAN	
28,18	0,1005	4,94	NAN	
28,2	0,1635	4,94	NAN	
28,22	0,1755	4,935	NAN	
28,24	0,255	4,935	NAN	
28,26	0,249	4,93	NAN	
28,28	0,237	4,93	NAN	
28,3	-0,042	4,925	NAN	
28,32	0,2265	4,92	NAN	
28,34	0,33	4,915	NAN	
28,36	0,2685	4,93	NAN	
28,38	0,309	4,915	NAN	
28,4	0,1545	4,915	NAN	
28,42	0,21	4,91	NAN	
28,44	0,141	4,91	NAN	
28,46	0,228	4,905	NAN	
28,48	0,1755	4,9	NAN	
28,5	0,1425	4,9	NAN	
28,52	0,114	4,885	NAN	
28,54	0,1335	4,89	NAN	
28,56	0,1815	4,885	NAN	
28,58	0,1815	4,89	NAN	
28,6	0,159	4,88	NAN	
28,62	0,282	4,88	NAN	
28,64	0,2685	4,88	NAN	
28,66	0,177	4,875	NAN	
28,68	0,195	4,875	NAN	
28,7	0,2025	4,87	NAN	
28,72	0,2415	4,87	NAN	
28,74	0,243	4,86	NAN	
28,76	0,1935	4,86	NAN	
28,78	0,159	4,855	NAN	
28,8	0,261	4,855	NAN	
28,82	0,1215	4,85	NAN	
28,84	0,1455	4,845	NAN	
28,86	0,231	4,85	NAN	
28,88	0,3225	4,84	NAN	
28,9	0,297	4,84	NAN	
28,92	0,2625	4,83	NAN	
28,94	0,2295	4,835	NAN	
28,96	0,267	4,83	NAN	
28,98	0,2055	4,83	NAN	
29	0,2925	4,825	NAN	
29,02	0,222	4,82	NAN	
29,04	0,3015	4,825	NAN	
29,06	0,171	4,81	NAN	
29,08	0,15	4,815	NAN	
29,1	0,2805	4,805	NAN	
29,12	0,213	4,805	NAN	
29,14	0,222	4,805	NAN	
29,16	0,2715	4,8	NAN	
29,18	0,222	4,795	NAN	
29,2	0,312	4,795	NAN	
29,22	0,207	4,795	NAN	
29,24	0,1545	4,785	NAN	
29,26	0,2625	4,79	NAN	
29,28	0,12	4,775	NAN	
29,3	0,2385	4,785	NAN	
29,32	0,2295	4,775	NAN	
29,34	0,288	4,775	NAN	
29,36	0,216	4,77	NAN	
29,38	0,2055	4,77	NAN	
29,4	0,1755	4,765	NAN	
29,42	0,2895	4,76	NAN	
29,44	0,2805	4,76	NAN	
29,46	0,24	4,755	NAN	
29,48	0,183	4,755	NAN	
29,5	0,2055	4,745	NAN	
29,52	0,246	4,75	NAN	
29,54	0,198	4,74	NAN	
29,56	0,138	4,74	NAN	
29,58	0,1185	4,735	NAN	
29,6	0,126	4,735	NAN	
29,62	0,3165	4,73	NAN	
29,64	0,27	4,725	NAN	
29,66	0,2385	4,725	NAN	
29,68	0,2595	4,72	NAN	
29,7	0,2085	4,72	NAN	
29,72	0,243	4,71	NAN	
29,74	0,2055	4,715	NAN	
29,76	0,1575	4,705	NAN	
29,78	0,267	4,705	NAN	
29,8	0,1335	4,7	NAN	
29,82	0,2535	4,7	NAN	
29,84	0,216	4,7	NAN	
29,86	0,1875	4,69	NAN	
29,88	0,138	4,695	NAN	
29,9	0,213	4,68	NAN	
29,92	0,288	4,685	NAN	
29,94	0,21	4,675	NAN	
29,96	0,249	4,675	NAN	
29,98	0,222	4,67	NAN	
30	0,0405	4,665	NAN	
30,02	0,255	4,665	NAN	
30,04	0,0915	4,66	NAN	
30,06	0,258	4,66	NAN	
30,08	0,2385	4,65	NAN	
30,1	0,264	4,65	NAN	
30,12	0,1875	4,635	NAN	
30,14	0,1485	4,65	NAN	
30,16	0,1545	4,635	NAN	
30,18	0,165	4,635	NAN	
30,2	0,195	4,63	NAN	
30,22	0,2115	4,63	NAN	
30,24	0,123	4,63	NAN	
30,26	0,2355	4,62	NAN	
30,28	0,234	4,62	NAN	
30,3	0,0735	4,615	NAN	
30,32	0,279	4,61	NAN	
30,34	0,0795	4,6	NAN	
30,36	0,2235	4,61	NAN	
30,38	0,2535	4,6	NAN	
30,4	0,2145	4,6	NAN	
30,42	0,1905	4,595	NAN	
30,44	0,1155	4,59	NAN	
30,46	0,054	4,59	NAN	
30,48	0,141	4,585	NAN	
30,5	0,1455	4,585	NAN	
30,52	0,228	4,57	NAN	
30,54	0,3015	4,575	NAN	
30,56	0,1245	4,565	NAN	
30,58	0,309	4,57	NAN	
30,6	0,177	4,56	NAN	
30,62	0,1515	4,56	NAN	
30,64	0,1725	4,555	NAN	
30,66	0,2895	4,55	NAN	
30,68	0,168	4,55	NAN	
30,7	0,195	4,54	NAN	
30,72	0,2175	4,54	NAN	
30,74	0,0795	4,53	NAN	
30,76	0,162	4,535	NAN	
30,78	0,2175	4,53	NAN	
30,8	0,1605	4,525	NAN	
30,82	0,1695	4,525	NAN	
30,84	0,249	4,515	NAN	
30,86	0,1785	4,52	NAN	
30,88	0,2265	4,51	NAN	
30,9	0,1605	4,51	NAN	
30,92	0,0585	4,5	NAN	
30,94	0,1995	4,505	NAN	
30,96	0,2205	4,49	NAN	
30,98	0,2115	4,495	NAN	
31	0,222	4,485	NAN	
31,02	0,228	4,485	NAN	
31,04	0,2865	4,48	NAN	
31,06	0,1935	4,48	NAN	
31,08	0,2445	4,47	NAN	
31,1	0,21	4,47	NAN	
31,12	0,147	4,47	NAN	
31,14	0,2025	4,46	NAN	
31,16	0,3075	4,46	NAN	
31,18	0,225	4,45	NAN	
31,2	0,174	4,455	NAN	
31,22	0,21	4,445	NAN	
31,24	0,201	4,445	NAN	
31,26	0,141	4,435	NAN	
31,28	0,261	4,43	NAN	
31,3	0,1605	4,43	NAN	
31,32	0,1515	4,43	NAN	
31,34	0,225	4,425	NAN	
31,36	0,2655	4,415	NAN	
31,38	0,162	4,415	NAN	
31,4	0,219	4,41	NAN	
31,42	0,0885	4,41	NAN	
31,44	0,1725	4,395	NAN	
31,46	0,2715	4,4	NAN	
31,48	0,2535	4,395	NAN	
31,5	0,1515	4,39	NAN	
31,52	0,0645	4,39	NAN	
31,54	0,132	4,38	NAN	
31,56	0,2655	4,38	NAN	
31,58	0,225	4,37	NAN	
31,6	0,327	4,375	NAN	
31,62	0,219	4,36	NAN	
31,64	0,231	4,365	NAN	
31,66	0,2085	4,355	NAN	
31,68	0,2445	4,36	NAN	
31,7	0,0885	4,345	NAN	
31,72	0,1065	4,35	NAN	
31,74	0,2355	4,345	NAN	
31,76	0,2025	4,34	NAN	
31,78	0,192	4,335	NAN	
31,8	0,111	4,33	NAN	
31,82	0,2175	4,325	NAN	
31,84	0,2085	4,325	NAN	
31,86	0,2025	4,32	NAN	
31,88	0,1395	4,31	NAN	
31,9	0,2685	4,31	NAN	
31,92	0,0945	4,305	NAN	
31,94	0,2295	4,305	NAN	
31,96	0,1515	4,295	NAN	
31,98	0,2565	4,295	NAN	
32	0,2685	4,3	NAN	
32,02	0,0915	4,285	NAN	
32,04	0,1815	4,285	NAN	
32,06	0,2085	4,285	NAN	
32,08	0,1485	4,28	NAN	
32,1	0,1725	4,27	NAN	
32,12	0,1455	4,27	NAN	
32,14	0,2235	4,26	NAN	
32,16	0,141	4,265	NAN	
32,18	0,2865	4,26	NAN	
32,2	0,138	4,25	NAN	
32,22	0,201	4,25	NAN	
32,24	0,135	4,245	NAN	
32,26	0,3135	4,24	NAN	
32,28	0,2025	4,235	NAN	
32,3	0,0705	4,235	NAN	
32,32	0,1185	4,225	NAN	
32,34	0,207	4,23	NAN	
32,36	0,066	4,215	NAN	
32,38	0,1485	4,22	NAN	
32,4	0,2505	4,21	NAN	
32,42	0,246	4,21	NAN	
32,44	0,2175	4,205	NAN	
32,46	0,12	4,2	NAN	
32,48	0,2475	4,205	NAN	
32,5	0,135	4,19	NAN	
32,52	0,0525	4,19	NAN	
32,54	0,1785	4,18	NAN	
32,56	0,1755	4,185	NAN	
32,58	0,2505	4,175	NAN	
32,6	0,129	4,18	NAN	
32,62	0,189	4,165	NAN	
32,64	0,195	4,165	NAN	
32,66	0,1035	4,16	NAN	
32,68	0,0885	4,155	NAN	
32,7	0,1905	4,155	NAN	
32,72	0,2505	4,14	NAN	
32,74	0,189	4,145	NAN	
32,76	0,3015	4,13	NAN	
32,78	0,1305	4,135	NAN	
32,8	0,1275	4,135	NAN	
32,82	0,171	4,13	NAN	
32,84	0,2025	4,135	NAN	
32,86	0,129	4,12	NAN	
32,88	0,186	4,11	NAN	
32,9	0,2715	4,105	NAN	
32,92	0,1905	4,105	NAN	
32,94	0,21	4,095	NAN	
32,96	0,135	4,095	NAN	
32,98	0	4,09	NAN	
33	0,1215	4,085	NAN	
33,02	0,1275	4,07	NAN	
33,04	0,198	4,075	NAN	
33,06	0,1575	4,065	NAN	
33,08	0,1965	4,07	NAN	
33,1	0,1035	4,065	NAN	
33,12	0,2295	4,055	NAN	
33,14	0,177	4,055	NAN	
33,16	0,201	4,045	NAN	
33,18	0,1425	4,05	NAN	
33,2	0,156	4,04	NAN	
33,22	0,162	4,04	NAN	
33,24	0,1875	4,025	NAN	
33,26	0,234	4,03	NAN	
33,28	0,0495	4,02	NAN	
33,3	0,162	4,025	NAN	
33,32	0,1185	4,01	NAN	
33,34	0,2085	4,01	NAN	
33,36	0,12	4,005	NAN	
33,38	0,1695	4	NAN	
33,4	0,1875	4	NAN	
33,42	0,117	3,99	NAN	
33,44	0,1335	3,99	NAN	
33,46	0,2475	3,975	NAN	
33,48	0,162	3,98	NAN	
33,5	0,1755	3,97	NAN	
33,52	0,1275	3,965	NAN	
33,54	0,2685	3,96	NAN	
33,56	0,168	3,96	NAN	
33,58	0,2385	3,95	NAN	
33,6	0,171	3,95	NAN	
33,62	0,099	3,945	NAN	
33,64	0,1485	3,935	NAN	
33,66	0,1605	3,935	NAN	
33,68	0,1485	3,93	NAN	
33,7	0,1875	3,93	NAN	
33,72	0,189	3,915	NAN	
33,74	0,153	3,92	NAN	
33,76	0,1245	3,91	NAN	
33,78	0,0765	3,92	NAN	
33,8	0,204	3,905	NAN	
33,82	0,198	3,895	NAN	
33,84	0,1785	3,895	NAN	
33,86	0,1515	3,875	NAN	
33,88	0,102	3,88	NAN	
33,9	0,153	3,87	NAN	
33,92	0,1275	3,87	NAN	
33,94	0,2055	3,86	NAN	
33,96	0,0615	3,86	NAN	
33,98	0,0975	3,855	NAN	
34	0,204	3,85	NAN	
34,02	0,177	3,845	NAN	
34,04	0,0975	3,84	NAN	
34,06	0,1515	3,84	NAN	
34,08	0,1245	3,825	NAN	
34,1	0,147	3,825	NAN	
34,12	0,237	3,81	NAN	
34,14	0,1755	3,815	NAN	
34,16	0,0315	3,8	NAN	
34,18	0,12	3,805	NAN	
34,2	0,093	3,795	NAN	
34,22	0,114	3,795	NAN	
34,24	0,12	3,79	NAN	
34,26	0,162	3,78	NAN	
34,28	0,075	3,775	NAN	
34,3	0,051	3,765	NAN	
34,32	0,3	3,77	NAN	
34,34	0,144	3,76	NAN	
34,36	0,0585	3,755	NAN	
34,38	0,1605	3,745	NAN	
34,4	0,1515	3,74	NAN	
34,42	0,045	3,735	NAN	
34,44	0,0015	3,73	NAN	
34,46	0,114	3,73	NAN	
34,48	0,003	3,72	NAN	
34,5	0,234	3,72	NAN	
34,52	0,0765	3,705	NAN	
34,54	0,1365	3,71	NAN	
34,56	0,225	3,695	NAN	
34,58	0,024	3,695	NAN	
34,6	0,0405	3,69	NAN	
34,62	0,0405	3,68	NAN	
34,64	0,0735	3,675	NAN	
34,66	0,0705	3,67	NAN	
34,68	-0,0165	3,665	NAN	
34,7	0,0105	3,655	NAN	
34,72	0,117	3,65	NAN	
34,74	0,153	3,645	NAN	
34,76	0,0345	3,64	NAN	
34,78	0,1935	3,63	NAN	
34,8	0,1155	3,63	NAN	
34,82	0,0945	3,62	NAN	
34,84	0,042	3,62	NAN	
34,86	0,0195	3,605	NAN	
34,88	0,099	3,605	NAN	
34,9	0,0915	3,595	NAN	
34,92	0,0195	3,595	NAN	
34,94	0,096	3,59	NAN	
34,96	0,1005	3,575	NAN	
34,98	0,093	3,57	NAN	
35	0,0615	3,565	NAN	
35,02	0,1335	3,565	NAN	
35,04	-0,081	3,555	NAN	
35,06	0,0945	3,55	NAN	
35,08	0,042	3,54	NAN	
35,1	0,135	3,535	NAN	
35,12	-0,015	3,535	NAN	
35,14	0,0435	3,53	NAN	
35,16	-0,009	3,52	NAN	
35,18	-0,0315	3,505	NAN	
35,2	0,0675	3,505	NAN	
35,22	0,0825	3,49	NAN	
35,24	0,168	3,495	NAN	
35,26	0,012	3,48	NAN	
35,28	0,0405	3,485	NAN	
35,3	0,009	3,47	NAN	
35,32	-0,0225	3,47	NAN	
35,34	0,1545	3,465	NAN	
35,36	-0,0135	3,455	NAN	
35,38	0,0615	3,445	NAN	
35,4	-0,042	3,44	NAN	
35,42	0,0795	3,45	NAN	
35,44	-0,0255	3,425	NAN	
35,46	0,0375	3,425	NAN	
35,48	0,048	3,42	NAN	
35,5	0,102	3,41	NAN	
35,52	0,081	3,41	NAN	
35,54	0,0465	3,4	NAN	
35,56	0,0705	3,395	NAN	
35,58	0,0405	3,385	NAN	
35,6	0,0465	3,38	NAN	
35,62	-0,0165	3,375	NAN	
35,64	-0,0225	3,37	NAN	
35,66	-0,066	3,365	NAN	
35,68	0,021	3,355	NAN	
35,7	-0,0345	3,345	NAN	
35,72	-0,0885	3,345	NAN	
35,74	-0,0525	3,335	NAN	
35,76	-0,075	3,33	NAN	
35,78	-0,1395	3,32	NAN	
35,8	-0,0465	3,32	NAN	
35,82	-0,0735	3,31	NAN	
35,84	0,0225	3,305	NAN	
35,86	-0,039	3,305	NAN	
35,88	-0,036	3,29	NAN	
35,9	-0,0285	3,29	NAN	
35,92	-0,138	3,28	NAN	
35,94	-0,093	3,275	NAN	
35,96	-0,213	3,27	NAN	
35,98	-0,06	3,26	NAN	
36	-0,0705	3,255	NAN	
36,02	-0,0945	3,25	NAN	
36,04	-0,0675	3,245	NAN	
36,06	-0,1875	3,235	NAN	
36,08	-0,081	3,235	NAN	
36,1	-0,135	3,22	NAN	
36,12	-0,0375	3,22	NAN	
36,14	-0,1185	3,21	NAN	
36,16	-0,0825	3,21	NAN	
36,18	-0,117	3,2	NAN	
36,2	-0,09	3,195	NAN	
36,22	-0,054	3,185	NAN	
36,24	-0,1635	3,18	NAN	
36,26	-0,159	3,175	NAN	
36,28	-0,045	3,17	NAN	
36,3	-0,1335	3,165	NAN	
36,32	-0,075	3,15	NAN	
36,34	-0,165	3,155	NAN	
36,36	-0,0735	3,135	NAN	
36,38	-0,2085	3,14	NAN	
36,4	-0,1725	3,13	NAN	
36,42	-0,204	3,125	NAN	
36,44	-0,0975	3,115	NAN	
36,46	-0,126	3,11	NAN	
36,48	-0,0975	3,1	NAN	
36,5	-0,2775	3,095	NAN	
36,52	-0,2685	3,095	NAN	
36,54	-0,1305	3,08	NAN	
36,56	-0,1845	3,08	NAN	
36,58	-0,291	3,065	NAN	
36,6	-0,2295	3,065	NAN	
36,62	-0,3255	3,06	NAN	
36,64	-0,234	3,05	NAN	
36,66	-0,327	3,045	NAN	
36,68	-0,147	3,04	NAN	
36,7	-0,2235	3,035	NAN	
36,72	-0,234	3,025	NAN	
36,74	-0,3495	3,025	NAN	
36,76	-0,3075	3,01	NAN	
36,78	-0,201	3,01	NAN	
36,8	-0,2445	3	NAN	
36,82	-0,2625	3	NAN	
36,84	-0,3495	2,99	NAN	
36,86	-0,333	2,985	NAN	
36,88	-0,2835	2,98	NAN	
36,9	-0,3585	2,97	NAN	
36,92	-0,2415	2,965	NAN	
36,94	-0,4005	2,955	NAN	
36,96	-0,276	2,955	NAN	
36,98	-0,438	2,94	NAN	
37	-0,4575	2,94	NAN	
37,02	-0,327	2,93	NAN	
37,04	-0,321	2,93	NAN	
37,06	-0,3135	2,915	NAN	
37,08	-0,4665	2,915	NAN	
37,1	-0,5175	2,91	NAN	
37,12	-0,4725	2,9	NAN	
37,14	-0,45	2,895	NAN	
37,16	-0,495	2,885	NAN	
37,18	-0,387	2,89	NAN	
37,2	-0,4875	2,87	NAN	
37,22	-0,5115	2,87	NAN	
37,24	-0,603	2,86	NAN	
37,26	-0,5145	2,86	NAN	
37,28	-0,576	2,85	NAN	
37,3	-0,4335	2,845	NAN	
37,32	-0,5325	2,84	NAN	
37,34	-0,5505	2,835	NAN	
37,36	-0,561	2,83	NAN	
37,38	-0,5145	2,82	NAN	
37,4	-0,5835	2,82	NAN	
37,42	-0,4725	2,805	NAN	
37,44	-0,648	2,805	NAN	
37,46	-0,579	2,795	NAN	
37,48	-0,6975	2,79	NAN	
37,5	-0,6075	2,785	NAN	
37,52	-0,618	2,78	NAN	
37,54	-0,708	2,775	NAN	
37,56	-0,612	2,76	NAN	
37,58	-0,75	2,76	NAN	
37,6	-0,7275	2,75	NAN	
37,62	-0,816	2,75	NAN	
37,64	-0,7515	2,735	NAN	
37,66	-0,798	2,735	NAN	
37,68	-0,8295	2,72	NAN	
37,7	-0,867	2,72	NAN	
37,72	-0,7965	2,715	NAN	
37,74	-0,855	2,705	NAN	
37,76	-0,9405	2,705	NAN	
37,78	-0,975	2,685	NAN	
37,8	-1,0275	2,685	NAN	
37,82	-1,032	2,675	NAN	
37,84	-0,975	2,675	NAN	
37,86	-1,0815	2,66	NAN	
37,88	-1,011	2,66	NAN	
37,9	-1,1685	2,65	NAN	
37,92	-1,0425	2,645	NAN	
37,94	-1,1295	2,64	NAN	
37,96	-1,1775	2,625	NAN	
37,98	-1,2165	2,62	NAN	
38	-1,3245	2,61	NAN	
38,02	-1,332	2,61	NAN	
38,04	-1,338	2,6	NAN	
38,06	-1,314	2,595	NAN	
38,08	-1,3305	2,585	NAN	
38,1	-1,323	2,58	NAN	
38,12	-1,32	2,57	NAN	
38,14	-1,4625	2,565	NAN	
38,16	-1,44	2,56	NAN	
38,18	-1,5015	2,55	NAN	
38,2	-1,488	2,545	NAN	
38,22	-1,5915	2,53	NAN	
38,24	-1,4895	2,53	NAN	
38,26	-1,5345	2,515	NAN	
38,28	-1,587	2,515	NAN	
38,3	-1,6095	2,505	NAN	
38,32	-1,6455	2,5	NAN	
38,34	-1,704	2,49	NAN	
38,36	-1,668	2,485	NAN	
38,38	-1,674	2,475	NAN	
38,4	-1,7115	2,475	NAN	
38,42	-1,6725	2,465	NAN	
38,44	-1,596	2,455	NAN	
38,46	-1,761	2,455	NAN	
38,48	-1,623	2,44	NAN	
38,5	-1,722	2,44	NAN	
38,52	-1,587	2,43	NAN	
38,54	-1,6935	2,425	NAN	
38,56	-1,6245	2,41	NAN	
38,58	-1,617	2,41	NAN	
38,6	-1,5615	2,4	NAN	
38,62	-1,5765	2,395	NAN	
38,64	-1,497	2,385	NAN	
38,66	-1,602	2,375	NAN	
38,68	-1,4805	2,37	NAN	
38,7	-1,4895	2,365	NAN	
38,72	-1,3425	2,355	NAN	
38,74	-1,26	2,345	NAN	
38,76	-1,419	2,34	NAN	
38,78	-1,401	2,33	NAN	
38,8	-1,3155	2,33	NAN	
38,82	-1,2255	2,315	NAN	
38,84	-1,2555	2,31	NAN	
38,86	-1,155	2,305	NAN	
38,88	-1,1925	2,295	NAN	
38,9	-1,131	2,29	NAN	
38,92	-1,077	2,28	NAN	
38,94	-1,0185	2,28	NAN	
38,96	-0,9855	2,265	NAN	
38,98	-0,9525	2,265	NAN	
39	-0,837	2,245	NAN	
39,02	-0,9825	2,245	NAN	
39,04	-0,9675	2,23	NAN	
39,06	-0,9	2,23	NAN	
39,08	-0,8505	2,22	NAN	
39,1	-0,9045	2,215	NAN	
39,12	-0,8475	2,205	NAN	
39,14	-0,7695	2,205	NAN	
39,16	-0,8145	2,195	NAN	
39,18	-0,8115	2,185	NAN	
39,2	-0,6915	2,19	NAN	
39,22	-0,7365	2,17	NAN	
39,24	-0,6885	2,17	NAN	
39,26	-0,696	2,155	NAN	
39,28	-0,687	2,15	NAN	
39,3	-0,705	2,14	NAN	
39,32	-0,8205	2,14	NAN	
39,34	-0,5925	2,13	NAN	
39,36	-0,552	2,12	NAN	
39,38	-0,5805	2,12	NAN	
39,4	-0,5715	2,105	NAN	
39,42	-0,5385	2,1	NAN	
39,44	-0,516	2,09	NAN	
39,46	-0,5565	2,09	NAN	
39,48	-0,4935	2,075	NAN	
39,5	-0,633	2,075	NAN	
39,52	-0,567	2,06	NAN	
39,54	-0,489	2,06	NAN	
39,56	-0,5235	2,045	NAN	
39,58	-0,411	2,045	NAN	
39,6	-0,3945	2,035	NAN	
39,62	-0,4065	2,03	NAN	
39,64	-0,4815	2,02	NAN	
39,66	-0,4455	2,015	NAN	
39,68	-0,3555	2,01	NAN	
39,7	-0,2925	2	NAN	
39,72	-0,4185	2	NAN	
39,74	-0,3465	1,985	NAN	
39,76	-0,426	1,98	NAN	
39,78	-0,3555	1,97	NAN	
39,8	-0,234	1,965	NAN	
39,82	-0,2235	1,955	NAN	
39,84	-0,3705	1,955	NAN	
39,86	-0,342	1,945	NAN	
39,88	-0,246	1,935	NAN	
39,9	-0,1395	1,925	NAN	
39,92	-0,24	1,92	NAN	
39,94	-0,2415	1,92	NAN	
39,96	-0,24	1,905	NAN	
39,98	-0,2955	1,905	NAN	
40	-0,2925	1,89	NAN	
40,02	-0,2655	1,89	NAN	
40,04	-0,3195	1,875	NAN	
40,06	-0,0525	1,88	NAN	
40,08	-0,276	1,865	NAN	
40,1	-0,1695	1,865	NAN	
40,12	-0,2235	1,85	NAN	
40,14	-0,156	1,855	NAN	
40,16	-0,2745	1,84	NAN	
40,18	-0,3105	1,835	NAN	
40,2	-0,222	1,83	NAN	
40,22	-0,186	1,82	NAN	
40,24	-0,141	1,815	NAN	
40,26	-0,1155	1,805	NAN	
40,28	-0,0975	1,805	NAN	
40,3	-0,0885	1,79	NAN	
40,32	-0,0975	1,785	NAN	
40,34	-0,201	1,78	NAN	
40,36	-0,1245	1,77	NAN	
40,38	-0,2265	1,76	NAN	
40,4	-0,2115	1,76	NAN	
40,42	-0,045	1,755	NAN	
40,44	-0,039	1,745	NAN	
40,46	-0,0675	1,74	NAN	
40,48	-0,096	1,73	NAN	
40,5	-0,072	1,73	NAN	
40,52	-0,1215	1,715	NAN	
40,54	-0,1395	1,715	NAN	
40,56	-0,0315	1,7	NAN	
40,58	-0,0225	1,7	NAN	
40,6	-0,1215	1,69	NAN	
40,62	-0,0855	1,685	NAN	
40,64	-0,0375	1,675	NAN	
40,66	-0,1425	1,67	NAN	
40,68	-0,039	1,66	NAN	
40,7	0,033	1,655	NAN	
40,72	-0,0495	1,65	NAN	
40,74	-0,069	1,64	NAN	
40,76	0,0735	1,635	NAN	
40,78	0,009	1,625	NAN	
40,8	-0,1215	1,625	NAN	
40,82	0,0345	1,61	NAN	
40,84	-0,0345	1,61	NAN	
40,86	-0,0345	1,595	NAN	
40,88	-0,0495	1,6	NAN	
40,9	-0,036	1,585	NAN	
40,92	-0,012	1,585	NAN	
40,94	-0,1455	1,57	NAN	
40,96	-0,0255	1,57	NAN	
40,98	-0,1215	1,56	NAN	
41	0,0285	1,555	NAN	
41,02	-0,003	1,55	NAN	
41,04	-0,0495	1,54	NAN	
41,06	0,0675	1,535	NAN	
41,08	0,1215	1,53	NAN	
41,1	0,009	1,525	NAN	
41,12	-0,1365	1,51	NAN	
41,14	0,006	1,51	NAN	
41,16	0,1275	1,495	NAN	
41,18	0,075	1,495	NAN	
41,2	-0,1035	1,485	NAN	
41,22	-0,0225	1,48	NAN	
41,24	0,0075	1,475	NAN	
41,26	0,0015	1,465	NAN	
41,28	0,078	1,465	NAN	
41,3	-0,039	1,45	NAN	
41,32	0,0705	1,45	NAN	
41,34	0,0915	1,44	NAN	
41,36	-0,012	1,44	NAN	
41,38	0,0675	1,425	NAN	
41,4	0,0915	1,425	NAN	
41,42	0,0645	1,41	NAN	
41,44	0,123	1,41	NAN	
41,46	0,075	1,4	NAN	
41,48	0,0225	1,395	NAN	
41,5	0,0465	1,39	NAN	
41,52	0,129	1,385	NAN	
41,54	0,1875	1,375	NAN	
41,56	0,1095	1,37	NAN	
41,58	0,1185	1,365	NAN	
41,6	0,1305	1,36	NAN	
41,62	0,1395	1,35	NAN	
41,64	0,0195	1,345	NAN	
41,66	0,0495	1,34	NAN	
41,68	0,0525	1,33	NAN	
41,7	0,183	1,325	NAN	
41,72	0,1815	1,32	NAN	
41,74	0,075	1,315	NAN	
41,76	0,1965	1,305	NAN	
41,78	0,0855	1,3	NAN	
41,8	0,1305	1,295	NAN	
41,82	0,129	1,29	NAN	
41,84	0,183	1,28	NAN	
41,86	0,03	1,27	NAN	
41,88	0,0675	1,28	NAN	
41,9	0,0765	1,26	NAN	
41,92	0,114	1,255	NAN	
41,94	0,1275	1,25	NAN	
41,96	0,1125	1,24	NAN	
41,98	0,198	1,235	NAN	
42	0,1635	1,23	NAN	
42,02	0,1605	1,225	NAN	
42,04	0,0405	1,22	NAN	
42,06	0,2175	1,215	NAN	
42,08	0,0735	1,205	NAN	
42,1	0,09	1,205	NAN	
42,12	0,1125	1,19	NAN	
42,14	0,2415	1,19	NAN	
42,16	0,2595	1,18	NAN	
42,18	0,1035	1,18	NAN	
42,2	0,1215	1,17	NAN	
42,22	0,1965	1,165	NAN	
42,24	0,129	1,155	NAN	
42,26	0,2505	1,155	NAN	
42,28	0,102	1,145	NAN	
42,3	0,081	1,14	NAN	
42,32	0,1035	1,135	NAN	
42,34	0,2205	1,13	NAN	
42,36	0,2055	1,125	NAN	
42,38	0,078	1,12	NAN	
42,4	0,213	1,12	NAN	
42,42	0,0285	1,105	NAN	
42,44	0,1995	1,105	NAN	
42,46	0,042	1,09	NAN	
42,48	0,3225	1,09	NAN	
42,5	0,189	1,08	NAN	
42,52	0,114	1,085	NAN	
42,54	0,1695	1,065	NAN	
42,56	0,2145	1,07	NAN	
42,58	0,1635	1,055	NAN	
42,6	0,201	1,06	NAN	
42,62	0,2655	1,045	NAN	
42,64	0,1185	1,05	NAN	
42,66	0,1305	1,04	NAN	
42,68	0,228	1,035	NAN	
42,7	0,201	1,03	NAN	
42,72	0,186	1,02	NAN	
42,74	0,1365	1,02	NAN	
42,76	0,1515	1,01	NAN	
42,78	0,1935	1,01	NAN	
42,8	0,147	1	NAN	
42,82	0,294	1	NAN	
42,84	0,261	0,995	NAN	
42,86	0,0945	0,99	NAN	
42,88	0,2175	0,98	NAN	
42,9	0,201	0,975	NAN	
42,92	0,228	0,97	NAN	
42,94	0,24	0,97	NAN	
42,96	0,1455	0,96	NAN	
42,98	0,1545	0,955	NAN	
43	0,2055	0,95	NAN	
43,02	0,2775	0,95	NAN	
43,04	0,2265	0,94	NAN	
43,06	0,183	0,93	NAN	
43,08	0,309	0,935	NAN	
43,1	0,249	0,92	NAN	
43,12	0,276	0,93	NAN	
43,14	0,2055	0,91	NAN	
43,16	0,2385	0,905	NAN	
43,18	0,249	0,905	NAN	
43,2	0,2565	0,9	NAN	
43,22	0,2325	0,9	NAN	
43,24	0,2715	0,895	NAN	
43,26	0,132	0,89	NAN	
43,28	0,2205	0,88	NAN	
43,3	0,3045	0,885	NAN	
43,32	0,294	0,87	NAN	
43,34	0,3255	0,875	NAN	
43,36	0,1725	0,855	NAN	
43,38	0,303	0,865	NAN	
43,4	0,264	0,85	NAN	
43,42	0,117	0,855	NAN	
43,44	0,2085	0,835	NAN	
43,46	0,2415	0,845	NAN	
43,48	0,222	0,835	NAN	
43,5	0,2205	0,835	NAN	
43,52	0,2085	0,825	NAN	
43,54	0,195	0,82	NAN	
43,56	0,327	0,825	NAN	
43,58	0,225	0,81	NAN	
43,6	0,204	0,81	NAN	
43,62	0,2295	0,8	NAN	
43,64	0,2715	0,805	NAN	
43,66	0,183	0,79	NAN	
43,68	0,1185	0,795	NAN	
43,7	0,273	0,78	NAN	
43,72	0,294	0,785	NAN	
43,74	0,0795	0,77	NAN	
43,76	0,354	0,77	NAN	
43,78	0,3195	0,765	NAN	
43,8	0,3285	0,765	NAN	
43,82	0,1875	0,76	NAN	
43,84	0,204	0,755	NAN	
43,86	0,1395	0,755	NAN	
43,88	0,1725	0,745	NAN	
43,9	0,255	0,745	NAN	
43,92	0,1605	0,74	NAN	
43,94	0,219	0,74	NAN	
43,96	0,2085	0,735	NAN	
43,98	0,255	0,735	NAN	
44	0,18	0,72	NAN	
44,02	0,246	0,72	NAN	
44,04	0,402	0,715	NAN	
44,06	0,237	0,715	NAN	
44,08	0,1815	0,71	NAN	
44,1	0,1995	0,705	NAN	
44,12	0,261	0,7	NAN	
44,14	0,237	0,7	NAN	
44,16	0,297	0,69	NAN	
44,18	0,1815	0,685	NAN	
44,2	0,2115	0,685	NAN	
44,22	0,246	0,68	NAN	
44,24	0,2235	0,68	NAN	
44,26	0,327	0,665	NAN	
44,28	0,2055	0,675	NAN	
44,3	0,2925	0,665	NAN	
44,32	0,1965	0,665	NAN	
44,34	0,303	0,655	NAN	
44,36	0,3555	0,66	NAN	
44,38	0,3045	0,66	NAN	
44,4	0,2445	0,655	NAN	
44,42	0,333	0,645	NAN	
44,44	0,2865	0,645	NAN	
44,46	0,2985	0,64	NAN	
44,48	0,243	0,635	NAN	
44,5	0,1785	0,64	NAN	
44,52	0,2715	0,625	NAN	
44,54	0,2235	0,63	NAN	
44,56	0,2445	0,62	NAN	
44,58	0,2865	0,62	NAN	
44,6	0,2535	0,61	NAN	
44,62	0,327	0,615	NAN	
44,64	0,2055	0,6	NAN	
44,66	0,3375	0,605	NAN	
44,68	0,225	0,6	NAN	
44,7	0,2115	0,605	NAN	
44,72	0,2955	0,6	NAN	
44,74	0,3135	0,595	NAN	
44,76	0,3075	0,59	NAN	
44,78	0,312	0,59	NAN	
44,8	0,1425	0,59	NAN	
44,82	0,294	0,58	NAN	
44,84	0,1995	0,585	NAN	
44,86	0,2355	0,575	NAN	
44,88	0,216	0,575	NAN	
44,9	0,3195	0,57	NAN	
44,92	0,096	0,575	NAN	
44,94	0,3435	0,565	NAN	
44,96	0,276	0,57	NAN	
44,98	0,3285	0,56	NAN	
45	0,1905	0,565	NAN	
45,02	0,2595	0,555	NAN	
45,04	0,114	0,55	NAN	
45,06	0,174	0,55	NAN	
45,08	0,201	0,54	NAN	
45,1	0,231	0,55	NAN	
45,12	0,2835	0,535	NAN	
45,14	0,2505	0,545	NAN	
45,16	0,2685	0,53	NAN	
45,18	0,3495	0,54	NAN	
45,2	0,2895	0,525	NAN	
45,22	0,252	0,53	NAN	
45,24	0,2625	0,53	NAN	
45,26	0,231	0,53	NAN	
45,28	0,2385	0,53	NAN	
45,3	0,18	0,525	NAN	
45,32	0,198	0,525	NAN	
45,34	0,2295	0,515	NAN	
45,36	0,2265	0,52	NAN	
45,38	0,3045	0,515	NAN	
45,4	0,1455	0,515	NAN	
45,42	0,198	0,51	NAN	
45,44	0,252	0,51	NAN	
45,46	0,3225	0,505	NAN	
45,48	0,2145	0,505	NAN	
45,5	0,399	0,5	NAN	
45,52	0,3165	0,505	NAN	
45,54	0,21	0,5	NAN	
45,56	0,276	0,5	NAN	
45,58	0,219	0,495	NAN	
45,6	0,321	0,49	NAN	
45,62	0,21	0,495	NAN	
45,64	0,288	0,49	NAN	
45,66	0,3285	0,495	NAN	
45,68	0,2115	0,485	NAN	
45,7	0,3525	0,49	NAN	
45,72	0,3105	0,485	NAN	
45,74	0,231	0,485	NAN	
45,76	0,198	0,48	NAN	
45,78	0,2145	0,48	NAN	
45,8	0,267	0,48	NAN	
45,82	0,159	0,48	NAN	
45,84	0,2295	0,485	NAN	
45,86	0,2475	0,475	NAN	
45,88	0,33	0,475	NAN	
45,9	0,2145	0,475	NAN	
45,92	0,312	0,475	NAN	
45,94	0,306	0,47	NAN	
45,96	0,174	0,475	NAN	
45,98	0,219	0,465	NAN	
46	0,378	0,47	NAN	
46,02	0,162	0,465	NAN	
46,04	0,2895	0,47	NAN	
46,06	0,303	0,46	NAN	
46,08	0,165	0,465	NAN	
46,1	0,2685	0,46	NAN	
46,12	0,342	0,465	NAN	
46,14	0,2535	0,465	NAN	
46,16	0,237	0,46	NAN	
46,18	0,2715	0,46	NAN	
46,2	0,294	0,46	NAN	
46,22	0,2895	0,46	NAN	
46,24	0,306	0,455	NAN	
46,26	0,24	0,46	NAN	
46,28	0,1485	0,455	NAN	
46,3	0,3345	0,46	NAN	
46,32	0,2715	0,45	NAN	
46,34	0,225	0,455	NAN	
46,36	0,333	0,45	NAN	
46,38	0,1905	0,455	NAN	
46,4	0,225	0,455	NAN	
46,42	0,2985	0,455	NAN	
46,44	0,2115	0,455	NAN	
46,46	0,2055	0,455	NAN	
46,48	0,276	0,455	NAN	
46,5	0,309	0,45	NAN	
46,52	0,3	0,455	NAN	
46,54	0,3285	0,445	NAN	
46,56	0,207	0,46	NAN	
46,58	0,282	0,445	NAN	
46,6	0,198	0,45	NAN	
46,62	0,171	0,45	NAN	
46,64	0,1995	0,46	NAN	
46,66	0,249	0,45	NAN	
46,68	0,2775	0,455	NAN	
46,7	0,186	0,455	NAN	
46,72	0,276	0,45	NAN	
46,74	0,261	0,455	NAN	
46,76	0,3075	0,445	NAN	
46,78	0,258	0,455	NAN	
46,8	0,2115	0,45	NAN	
46,82	0,1965	0,455	NAN	
46,84	0,261	0,445	NAN	
46,86	0,138	0,46	NAN	
46,88	0,186	0,445	NAN	
46,9	0,243	0,46	NAN	
46,92	0,297	0,45	NAN	
46,94	0,243	0,46	NAN	
46,96	0,291	0,455	NAN	
46,98	0,123	0,46	NAN	
47	0,279	0,46	NAN	
47,02	0,273	0,455	NAN	
47,04	0,252	0,46	NAN	
47,06	0,1695	0,455	NAN	
47,08	0,267	0,46	NAN	
47,1	0,159	0,455	NAN	
47,12	0,264	0,465	NAN	
47,14	0,1875	0,46	NAN	
47,16	0,2595	0,465	NAN	
47,18	0,309	0,46	NAN	
47,2	0,228	0,465	NAN	
47,22	0,1665	0,46	NAN	
47,24	0,3285	0,47	NAN	
47,26	0,216	0,465	NAN	
47,28	0,351	0,47	NAN	
47,3	0,2265	0,47	NAN	
47,32	0,2685	0,47	NAN	
47,34	0,1605	0,475	NAN	
47,36	0,2145	0,47	NAN	
47,38	0,1785	0,475	NAN	
47,4	0,27	0,475	NAN	
47,42	0,2445	0,475	NAN	
47,44	0,1185	0,48	NAN	
47,46	0,1815	0,48	NAN	
47,48	0,072	0,48	NAN	
47,5	0,1965	0,48	NAN	
47,52	0,0825	0,48	NAN	
47,54	0,3195	0,485	NAN	
47,56	0,1905	0,49	NAN	
47,58	0,2655	0,49	NAN	
47,6	0,129	0,49	NAN	
47,62	0,213	0,485	NAN	
47,64	0,2175	0,495	NAN	
47,66	0,12	0,49	NAN	
47,68	0,2895	0,5	NAN	
47,7	0,2565	0,49	NAN	
47,72	0,2535	0,5	NAN	
47,74	0,285	0,495	NAN	
47,76	0,285	0,505	NAN	
47,78	0,309	0,5	NAN	
47,8	0,117	0,505	NAN	
47,82	0,237	0,51	NAN	
47,84	0,3	0,51	NAN	
47,86	0,2115	0,515	NAN	
47,88	0,294	0,51	NAN	
47,9	0,2745	0,52	NAN	
47,92	0,2865	0,515	NAN	
47,94	0,249	0,525	NAN	
47,96	0,267	0,52	NAN	
47,98	0,2205	0,53	NAN	
48	0,2745	0,525	NAN	
48,02	0,2025	0,535	NAN	
48,04	0,189	0,53	NAN	
48,06	0,2085	0,54	NAN	
48,08	0,177	0,535	NAN	
48,1	0,096	0,535	NAN	
48,12	0,2925	0,54	NAN	
48,14	0,2595	0,54	NAN	
48,16	0,3075	0,545	NAN	
48,18	0,243	0,545	NAN	
48,2	0,2625	0,57	NAN	
48,22	0,141	0,55	NAN	
48,24	0,2205	0,565	NAN	
48,26	0,1605	0,555	NAN	
48,28	0,1935	0,565	NAN	
48,3	0,1995	0,565	NAN	
48,32	0,294	0,575	NAN	
48,34	0,1845	0,575	NAN	
48,36	0,1515	0,57	NAN	
48,38	0,1995	0,575	NAN	
48,4	0,2385	0,575	NAN	
48,42	0,111	0,585	NAN	
48,44	0,2655	0,58	NAN	
48,46	0,087	0,59	NAN	
48,48	0,219	0,585	NAN	
48,5	0,285	0,595	NAN	
48,52	0,1755	0,595	NAN	
48,54	0,225	0,6	NAN	
48,56	0,189	0,6	NAN	
48,58	0,222	0,605	NAN	
48,6	0,225	0,605	NAN	
48,62	0,2325	0,615	NAN	
48,64	0,306	0,615	NAN	
48,66	0,249	0,615	NAN	
48,68	0,222	0,625	NAN	
48,7	0,3315	0,63	NAN	
48,72	0,288	0,63	NAN	
48,74	0,18	0,63	NAN	
48,76	0,246	0,64	NAN	
48,78	0,084	0,64	NAN	
48,8	0,3225	0,65	NAN	
48,82	0,267	0,64	NAN	
48,84	0,2655	0,65	NAN	
48,86	0,3045	0,65	NAN	
48,88	0,2415	0,655	NAN	
48,9	0,1605	0,665	NAN	
48,92	0,285	0,66	NAN	
48,94	0,219	0,67	NAN	
48,96	0,144	0,67	NAN	
48,98	0,2205	0,67	NAN	
49	0,252	0,68	NAN	
49,02	0,372	0,68	NAN	
49,04	0,2685	0,69	NAN	
49,06	0,225	0,685	NAN	
49,08	0,21	0,7	NAN	
49,1	0,2445	0,695	NAN	
49,12	0,138	0,7	NAN	
49,14	0,228	0,705	NAN	
49,16	0,132	0,705	NAN	
49,18	0,1965	0,715	NAN	
49,2	0,2295	0,71	NAN	
49,22	0,216	0,72	NAN	
49,24	0,177	0,725	NAN	
49,26	0,1575	0,73	NAN	
49,28	0,171	0,73	NAN	
49,3	0,21	0,73	NAN	
49,32	0,1935	0,74	NAN	
49,34	0,201	0,74	NAN	
49,36	0,2685	0,745	NAN	
49,38	0,318	0,755	NAN	
49,4	0,207	0,75	NAN	
49,42	0,2235	0,765	NAN	
49,44	0,2565	0,755	NAN	
49,46	0,318	0,775	NAN	
49,48	0,189	0,77	NAN	
49,5	0,1245	0,78	NAN	
49,52	0,1935	0,785	NAN	
49,54	0,1995	0,785	NAN	
49,56	0,2295	0,795	NAN	
49,58	0,1245	0,795	NAN	
49,6	0,1695	0,805	NAN	
49,62	0,237	0,805	NAN	
49,64	0,1665	0,81	NAN	
49,66	0,2355	0,815	NAN	
49,68	0,2565	0,815	NAN	
49,7	0,2595	0,82	NAN	
49,72	0,0735	0,825	NAN	
49,74	0,129	0,825	NAN	
49,76	0,264	0,835	NAN	
49,78	0,183	0,84	NAN	
49,8	0,1335	0,845	NAN	
49,82	0,2745	0,84	NAN	
49,84	0,0855	0,855	NAN	
49,86	0,234	0,85	NAN	
49,88	0,1575	0,865	NAN	
49,9	0,2505	0,86	NAN	
49,92	0,288	0,87	NAN	
49,94	0,207	0,87	NAN	
49,96	0,1305	0,88	NAN	
49,98	0,2805	0,885	NAN	
50	0,198	0,885	NAN	
50,02	0,297	0,895	NAN	
50,04	0,12	0,895	NAN	
50,06	0,18	0,905	NAN	
50,08	0,2445	0,905	NAN	
50,1	0,18	0,915	NAN	
50,12	0,2655	0,91	NAN	
50,14	0,198	0,925	NAN	
50,16	0,213	0,925	NAN	
50,18	0,228	0,935	NAN	
50,2	0,3615	0,93	NAN	
50,22	0,1365	0,94	NAN	
50,24	0,24	0,94	NAN	
50,26	0,216	0,95	NAN	
50,28	0,1875	0,955	NAN	
50,3	0,2175	0,965	NAN	
50,32	0,2655	0,975	NAN	
50,34	0,2265	0,965	NAN	
50,36	0,2145	0,98	NAN	
50,38	0,303	0,975	NAN	
50,4	0,2655	0,99	NAN	
50,42	0,1995	0,99	NAN	
50,44	0,2055	1	NAN	
50,46	0,2745	1	NAN	
50,48	0,1845	1,01	NAN	
50,5	0,153	1,005	NAN	
50,52	0,183	1,02	NAN	
50,54	0,276	1,025	NAN	
50,56	0,2685	1,025	NAN	
50,58	0,2865	1,035	NAN	
50,6	0,255	1,03	NAN	
50,62	0,1635	1,045	NAN	
50,64	0,066	1,045	NAN	
50,66	0,2505	1,06	NAN	
50,68	0,342	1,06	NAN	
50,7	0,135	1,065	NAN	
50,72	0,243	1,07	NAN	
50,74	0,2565	1,075	NAN	
50,76	0,225	1,08	NAN	
50,78	0,2085	1,09	NAN	
50,8	0,2175	1,095	NAN	
50,82	0,213	1,1	NAN	
50,84	0,3315	1,105	NAN	
50,86	0,138	1,11	NAN	
50,88	0,093	1,12	NAN	
50,9	0,1785	1,12	NAN	
50,92	0,246	1,13	NAN	
50,94	0,1875	1,125	NAN	
50,96	0,186	1,14	NAN	
50,98	0,1725	1,14	NAN	
51	0,222	1,15	NAN	
51,02	0,2805	1,15	NAN	
51,04	0,2205	1,16	NAN	
51,06	0,2295	1,165	NAN	
51,08	0,156	1,17	NAN	
51,1	0,1995	1,18	NAN	
51,12	0,1905	1,185	NAN	
51,14	0,2325	1,19	NAN	
51,16	0,213	1,185	NAN	
51,18	0,264	1,2	NAN	
51,2	0,1245	1,2	NAN	
51,22	0,2715	1,21	NAN	
51,24	0,2535	1,22	NAN	
51,26	0,12	1,225	NAN	
51,28	0,222	1,23	NAN	
51,3	0,0795	1,235	NAN	
51,32	0,237	1,245	NAN	
51,34	0,1695	1,245	NAN	
51,36	0,2475	1,25	NAN	
51,38	0,1725	1,255	NAN	
51,4	0,2355	1,265	NAN	
51,42	0,1995	1,27	NAN	
51,44	0,2295	1,275	NAN	
51,46	0,264	1,28	NAN	
51,48	0,246	1,29	NAN	
51,5	0,2565	1,29	NAN	
51,52	0,147	1,29	NAN	
51,54	0,1545	1,31	NAN	
51,56	0,1695	1,305	NAN	
51,58	0,087	1,32	NAN	
51,6	0,1365	1,315	NAN	
51,62	0,147	1,33	NAN	
51,64	0,225	1,33	NAN	
51,66	0,168	1,345	NAN	
51,68	0,1725	1,35	NAN	
51,7	0,177	1,355	NAN	
51,72	0,1875	1,375	NAN	
51,74	0,1215	1,37	NAN	
51,76	0,1275	1,375	NAN	
51,78	0,234	1,38	NAN	
51,8	0,1905	1,39	NAN	
51,82	0,1335	1,39	NAN	
51,84	0,093	1,4	NAN	
51,86	0,081	1,405	NAN	
51,88	0,0945	1,42	NAN	
51,9	0,1245	1,41	NAN	
51,92	0,072	1,44	NAN	
51,94	0,21	1,43	NAN	
51,96	0,27	1,43	NAN	
51,98	0,1575	1,44	NAN	
52	0,093	1,44	NAN	
52,02	0,1905	1,46	NAN	
52,04	0,0975	1,46	NAN	
52,06	0,2625	1,47	NAN	
52,08	0,1005	1,47	NAN	
52,1	0,1965	1,485	NAN	
52,12	0,2205	1,49	NAN	
52,14	0,2625	1,495	NAN	
52,16	0,183	1,505	NAN	
52,18	0,147	1,51	NAN	
52,2	0,09	1,52	NAN	
52,22	0,1605	1,515	NAN	
52,24	0,2505	1,535	NAN	
52,26	0,201	1,53	NAN	
52,28	0,1665	1,545	NAN	
52,3	0,1485	1,545	NAN	
52,32	0,1335	1,56	NAN	
52,34	0,315	1,56	NAN	
52,36	0,1605	1,57	NAN	
52,38	0,27	1,575	NAN	
52,4	0,192	1,585	NAN	
52,42	0,2325	1,59	NAN	
52,44	0,087	1,59	NAN	
52,46	0,168	1,605	NAN	
52,48	0,081	1,605	NAN	
52,5	0	1,615	NAN	
52,52	0,141	1,62	NAN	
52,54	0,054	1,63	NAN	
52,56	0,123	1,635	NAN	
52,58	0,1995	1,645	NAN	
52,6	0,165	1,655	NAN	
52,62	0,1215	1,655	NAN	
52,64	0,111	1,665	NAN	
52,66	0,132	1,67	NAN	
52,68	0,141	1,685	NAN	
52,7	0,1485	1,68	NAN	
52,72	0,1905	1,7	NAN	
52,74	0,0735	1,695	NAN	
52,76	0,1155	1,71	NAN	
52,78	0,1035	1,71	NAN	
52,8	0,156	1,725	NAN	
52,82	0,183	1,725	NAN	
52,84	0,039	1,735	NAN	
52,86	0,1785	1,745	NAN	
52,88	0,129	1,745	NAN	
52,9	0,1065	1,755	NAN	
52,92	0,09	1,76	NAN	
52,94	0,147	1,775	NAN	
52,96	0,093	1,775	NAN	
52,98	0,078	1,785	NAN	
53	0,0285	1,79	NAN	
53,02	0,072	1,8	NAN	
53,04	0,048	1,8	NAN	
53,06	0,141	1,81	NAN	
53,08	0,1575	1,825	NAN	
53,1	0,222	1,825	NAN	
53,12	0,015	1,835	NAN	
53,14	0,0705	1,835	NAN	
53,16	0,063	1,85	NAN	
53,18	0,1575	1,85	NAN	
53,2	0,045	1,865	NAN	
53,22	0,1125	1,865	NAN	
53,24	0,096	1,88	NAN	
53,26	0,138	1,88	NAN	
53,28	0,0585	1,89	NAN	
53,3	0,0615	1,9	NAN	
53,32	0,015	1,9	NAN	
53,34	0,09	1,915	NAN	
53,36	0,069	1,92	NAN	
53,38	0,111	1,93	NAN	
53,4	0,0195	1,94	NAN	
53,42	0,1305	1,945	NAN	
53,44	0,1035	1,945	NAN	
53,46	0,0795	1,955	NAN	
53,48	0,117	1,965	NAN	
53,5	0,0225	1,97	NAN	
53,52	0,063	1,98	NAN	
53,54	0,0975	1,985	NAN	
53,56	-0,0345	1,995	NAN	
53,58	0,0915	1,995	NAN	
53,6	0,087	2,01	NAN	
53,62	0,0195	2,005	NAN	
53,64	0,1095	2,025	NAN	
53,66	-0,006	2,025	NAN	
53,68	0,0195	2,035	NAN	
53,7	-0,033	2,045	NAN	
53,72	0,0735	2,05	NAN	
53,74	0,0615	2,06	NAN	
53,76	-0,003	2,065	NAN	
53,78	0,0075	2,08	NAN	
53,8	-0,0345	2,08	NAN	
53,82	0,06	2,09	NAN	
53,84	-0,063	2,095	NAN	
53,86	0,0315	2,105	NAN	
53,88	0,051	2,11	NAN	
53,9	-0,084	2,12	NAN	
53,92	0,0135	2,125	NAN	
53,94	-0,0765	2,135	NAN	
53,96	-0,048	2,145	NAN	
53,98	-0,024	2,145	NAN	
54	0,0705	2,165	NAN	
54,02	-0,0045	2,165	NAN	
54,04	-0,0135	2,17	NAN	
54,06	-0,0045	2,175	NAN	
54,08	0,0405	2,195	NAN	
54,1	0,066	2,19	NAN	
54,12	0,0165	2,205	NAN	
54,14	-0,036	2,21	NAN	
54,16	0,036	2,22	NAN	
54,18	-0,1305	2,23	NAN	
54,2	-0,1035	2,235	NAN	
54,22	0,018	2,245	NAN	
54,24	-0,0165	2,25	NAN	
54,26	-0,0945	2,26	NAN	
54,28	-0,087	2,265	NAN	
54,3	-0,03	2,275	NAN	
54,32	-0,144	2,275	NAN	
54,34	-0,1035	2,285	NAN	
54,36	-0,126	2,295	NAN	
54,38	-0,033	2,305	NAN	
54,4	-0,1155	2,31	NAN	
54,42	-0,0975	2,32	NAN	
54,44	-0,093	2,33	NAN	
54,46	-0,1215	2,335	NAN	
54,48	-0,129	2,35	NAN	
54,5	-0,1185	2,345	NAN	
54,52	-0,1425	2,365	NAN	
54,54	0,009	2,365	NAN	
54,56	-0,0465	2,38	NAN	
54,58	-0,177	2,385	NAN	
54,6	-0,1005	2,395	NAN	
54,62	-0,1605	2,4	NAN	
54,64	-0,1155	2,41	NAN	
54,66	-0,12	2,415	NAN	
54,68	-0,117	2,425	NAN	
54,7	-0,1485	2,435	NAN	
54,72	-0,1905	2,44	NAN	
54,74	-0,342	2,445	NAN	
54,76	-0,1725	2,45	NAN	
54,78	-0,3195	2,465	NAN	
54,8	-0,2175	2,47	NAN	
54,82	-0,1065	2,48	NAN	
54,84	-0,225	2,485	NAN	
54,86	-0,1245	2,49	NAN	
54,88	-0,234	2,505	NAN	
54,9	-0,3705	2,505	NAN	
54,92	-0,306	2,525	NAN	
54,94	-0,2565	2,52	NAN	
54,96	-0,18	2,54	NAN	
54,98	-0,291	2,54	NAN	
55	-0,3105	2,555	NAN	
55,02	-0,3255	2,56	NAN	
55,04	-0,2415	2,57	NAN	
55,06	-0,345	2,58	NAN	
55,08	-0,294	2,585	NAN	
55,1	-0,366	2,595	NAN	
55,12	-0,195	2,6	NAN	
55,14	-0,351	2,61	NAN	
55,16	-0,4455	2,61	NAN	
55,18	-0,279	2,625	NAN	
55,2	-0,4095	2,63	NAN	
55,22	-0,3795	2,645	NAN	
55,24	-0,4245	2,65	NAN	
55,26	-0,4275	2,655	NAN	
55,28	-0,321	2,665	NAN	
55,3	-0,408	2,67	NAN	
55,32	-0,5295	2,68	NAN	
55,34	-0,585	2,69	NAN	
55,36	-0,495	2,7	NAN	
55,38	-0,5235	2,7	NAN	
55,4	-0,5265	2,71	NAN	
55,42	-0,525	2,72	NAN	
55,44	-0,5445	2,73	NAN	
55,46	-0,6015	2,735	NAN	
55,48	-0,462	2,75	NAN	
55,5	-0,627	2,755	NAN	
55,52	-0,675	2,76	NAN	
55,54	-0,687	2,775	NAN	
55,56	-0,6555	2,775	NAN	
55,58	-0,675	2,79	NAN	
55,6	-0,6705	2,795	NAN	
55,62	-0,6075	2,805	NAN	
55,64	-0,786	2,815	NAN	
55,66	-0,6885	2,82	NAN	
55,68	-0,882	2,83	NAN	
55,7	-0,786	2,835	NAN	
55,72	-0,777	2,85	NAN	
55,74	-0,8955	2,855	NAN	
55,76	-0,909	2,865	NAN	
55,78	-0,894	2,87	NAN	
55,8	-0,9405	2,885	NAN	
55,82	-0,9975	2,885	NAN	
55,84	-0,8985	2,895	NAN	
55,86	-0,966	2,905	NAN	
55,88	-0,924	2,915	NAN	
55,9	-1,107	2,925	NAN	
55,92	-1,119	2,93	NAN	
55,94	-1,164	2,94	NAN	
55,96	-1,1385	2,945	NAN	
55,98	-1,1565	2,96	NAN	
56	-1,311	2,96	NAN	
56,02	-1,224	2,97	NAN	
56,04	-1,263	2,98	NAN	
56,06	-1,356	2,99	NAN	
56,08	-1,3335	2,995	NAN	
56,1	-1,44	3,005	NAN	
56,12	-1,338	3,005	NAN	
56,14	-1,3995	3,02	NAN	
56,16	-1,452	3,03	NAN	
56,18	-1,6575	3,03	NAN	
56,2	-1,554	3,05	NAN	
56,22	-1,59	3,05	NAN	
56,24	-1,5915	3,06	NAN	
56,26	-1,581	3,07	NAN	
56,28	-1,5945	3,08	NAN	
56,3	-1,629	3,085	NAN	
56,32	-1,74	3,09	NAN	
56,34	-1,6965	3,105	NAN	
56,36	-1,6665	3,115	NAN	
56,38	-1,719	3,12	NAN	
56,4	-1,7745	3,12	NAN	
56,42	-1,608	3,135	NAN	
56,44	-1,785	3,14	NAN	
56,46	-1,7265	3,155	NAN	
56,48	-1,7235	3,155	NAN	
56,5	-1,7775	3,165	NAN	
56,52	-1,692	3,175	NAN	
56,54	-1,6095	3,18	NAN	
56,56	-1,638	3,19	NAN	
56,58	-1,566	3,195	NAN	
56,6	-1,695	3,205	NAN	
56,62	-1,647	3,21	NAN	
56,64	-1,476	3,225	NAN	
56,66	-1,4235	3,23	NAN	
56,68	-1,377	3,235	NAN	
56,7	-1,452	3,245	NAN	
56,72	-1,434	3,255	NAN	
56,74	-1,3335	3,265	NAN	
56,76	-1,2735	3,265	NAN	
56,78	-1,335	3,28	NAN	
56,8	-1,1895	3,28	NAN	
56,82	-1,269	3,295	NAN	
56,84	-1,1685	3,305	NAN	
56,86	-1,08	3,315	NAN	
56,88	-1,0725	3,325	NAN	
56,9	-1,1535	3,32	NAN	
56,92	-0,99	3,34	NAN	
56,94	-1,0035	3,335	NAN	
56,96	-1,0245	3,355	NAN	
56,98	-0,9075	3,35	NAN	
57	-0,8715	3,37	NAN	
57,02	-1,095	3,37	NAN	
57,04	-0,8865	3,385	NAN	
57,06	-0,921	3,385	NAN	
57,08	-0,7635	3,4	NAN	
57,1	-0,768	3,405	NAN	
57,12	-0,7665	3,41	NAN	
57,14	-0,813	3,425	NAN	
57,16	-0,6735	3,43	NAN	
57,18	-0,771	3,44	NAN	
57,2	-0,771	3,445	NAN	
57,22	-0,69	3,455	NAN	
57,24	-0,5865	3,46	NAN	
57,26	-0,7365	3,47	NAN	
57,28	-0,687	3,48	NAN	
57,3	-0,696	3,485	NAN	
57,32	-0,591	3,495	NAN	
57,34	-0,675	3,5	NAN	
57,36	-0,657	3,51	NAN	
57,38	-0,54	3,515	NAN	
57,4	-0,48	3,53	NAN	
57,42	-0,4545	3,53	NAN	
57,44	-0,5415	3,54	NAN	
57,46	-0,447	3,54	NAN	
57,48	-0,51	3,56	NAN	
57,5	-0,501	3,565	NAN	
57,52	-0,522	3,57	NAN	
57,54	-0,4665	3,58	NAN	
57,56	-0,378	3,585	NAN	
57,58	-0,3915	3,595	NAN	
57,6	-0,4275	3,6	NAN	
57,62	-0,468	3,61	NAN	
57,64	-0,4095	3,615	NAN	
57,66	-0,315	3,635	NAN	
57,68	-0,4335	3,63	NAN	
57,7	-0,3105	3,64	NAN	
57,72	-0,3675	3,65	NAN	
57,74	-0,303	3,655	NAN	
57,76	-0,381	3,665	NAN	
57,78	-0,3615	3,67	NAN	
57,8	-0,3525	3,68	NAN	
57,82	-0,399	3,68	NAN	
57,84	-0,2745	3,695	NAN	
57,86	-0,36	3,69	NAN	
57,88	-0,276	3,705	NAN	
57,9	-0,168	3,71	NAN	
57,92	-0,2415	3,725	NAN	
57,94	-0,27	3,73	NAN	
57,96	-0,201	3,74	NAN	
57,98	-0,243	3,745	NAN	
58	-0,252	3,745	NAN	
58,02	-0,291	3,76	NAN	
58,04	-0,2565	3,76	NAN	
58,06	-0,186	3,775	NAN	
58,08	-0,189	3,775	NAN	
58,1	-0,183	3,79	NAN	
58,12	-0,2445	3,795	NAN	
58,14	-0,3015	3,805	NAN	
58,16	-0,1845	3,81	NAN	
58,18	-0,174	3,82	NAN	
58,2	-0,147	3,83	NAN	
58,22	-0,1605	3,83	NAN	
58,24	-0,15	3,84	NAN	
58,26	-0,279	3,84	NAN	
58,28	-0,2325	3,86	NAN	
58,3	-0,1935	3,855	NAN	
58,32	-0,153	3,875	NAN	
58,34	-0,1125	3,87	NAN	
58,36	-0,1395	3,885	NAN	
58,38	-0,1425	3,89	NAN	
58,4	-0,0765	3,895	NAN	
58,42	-0,1395	3,915	NAN	
58,44	-0,0525	3,91	NAN	
58,46	-0,276	3,92	NAN	
58,48	-0,0615	3,925	NAN	
58,5	-0,147	3,94	NAN	
58,52	-0,093	3,94	NAN	
58,54	-0,12	3,95	NAN	
58,56	-0,1305	3,96	NAN	
58,58	-0,1455	3,965	NAN	
58,6	-0,1065	3,97	NAN	
58,62	-0,072	3,98	NAN	
58,64	-0,063	3,99	NAN	
58,66	0,0075	3,99	NAN	
58,68	-0,1185	4,005	NAN	
58,7	-0,0825	4	NAN	
58,72	0,003	4,02	NAN	
58,74	0,021	4,015	NAN	
58,76	-0,0135	4,03	NAN	
58,78	-0,084	4,035	NAN	
58,8	0,054	4,045	NAN	
58,82	-0,0345	4,05	NAN	
58,84	-0,006	4,06	NAN	
58,86	0,024	4,065	NAN	
58,88	-0,012	4,07	NAN	
58,9	0,015	4,085	NAN	
58,92	-0,0675	4,085	NAN	
58,94	-0,0945	4,1	NAN	
58,96	0,0195	4,105	NAN	
58,98	-0,087	4,11	NAN	
59	0,036	4,12	NAN	
59,02	-0,024	4,125	NAN	
59,04	-0,03	4,135	NAN	
59,06	-0,0435	4,14	NAN	
59,08	0,015	4,155	NAN	
59,1	0,0105	4,155	NAN	
59,12	-0,1125	4,17	NAN	
59,14	0,0195	4,165	NAN	
59,16	0,0705	4,185	NAN	
59,18	-0,024	4,185	NAN	
59,2	0,0885	4,2	NAN	
59,22	0,1245	4,21	NAN	
59,24	-0,0885	4,21	NAN	
59,26	-0,0105	4,215	NAN	
59,28	0,042	4,225	NAN	
59,3	0,012	4,24	NAN	
59,32	0,0465	4,24	NAN	
59,34	-0,003	4,25	NAN	
59,36	0,09	4,255	NAN	
59,38	0,0255	4,27	NAN	
59,4	0,162	4,27	NAN	
59,42	0,033	4,275	NAN	
59,44	0,096	4,28	NAN	
59,46	-0,042	4,295	NAN	
59,48	0,003	4,3	NAN	
59,5	0,0945	4,31	NAN	
59,52	0,153	4,32	NAN	
59,54	0,1065	4,325	NAN	
59,56	0,0885	4,335	NAN	
59,58	0,084	4,335	NAN	
59,6	0,1095	4,35	NAN	
59,62	0,096	4,35	NAN	
59,64	0,075	4,37	NAN	
59,66	0,0795	4,365	NAN	
59,68	0,078	4,38	NAN	
59,7	0,0765	4,38	NAN	
59,72	0,1635	4,395	NAN	
59,74	0,1185	4,395	NAN	
59,76	0,159	4,405	NAN	
59,78	0,0315	4,415	NAN	
59,8	0,1455	4,42	NAN	
59,82	0,0615	4,43	NAN	
59,84	0,0855	4,43	NAN	
59,86	0,1365	4,44	NAN	
59,88	0,1725	4,445	NAN	
59,9	0,1845	4,46	NAN	
59,92	0,1785	4,465	NAN	
59,94	0,207	4,47	NAN	
59,96	0,21	4,485	NAN	
59,98	0,0885	4,48	NAN	
60	0,114	4,495	NAN	
60,02	0,1425	4,49	NAN	
60,04	0,0555	4,505	NAN	
60,06	0,1305	4,505	NAN	
60,08	0,2415	4,52	NAN	
60,1	0,159	4,52	NAN	
60,12	0,0405	4,535	NAN	
60,14	0,114	4,54	NAN	
60,16	0,1995	4,545	NAN	
60,18	0,1425	4,555	NAN	
60,2	0,129	4,555	NAN	
60,22	0,1575	4,57	NAN	
60,24	0,0945	4,57	NAN	
60,26	0,192	4,58	NAN	
60,28	0,159	4,58	NAN	
60,3	0,198	4,595	NAN	
60,32	0,1275	4,595	NAN	
60,34	0,1215	4,605	NAN	
60,36	0,1155	4,61	NAN	
60,38	0,2325	4,615	NAN	
60,4	0,0465	4,625	NAN	
60,42	0,0915	4,635	NAN	
60,44	0,198	4,635	NAN	
60,46	0,0675	4,645	NAN	
60,48	0,2385	4,65	NAN	
60,5	0,0915	4,65	NAN	
