MIN=0	-3	-10	0	
MAX=160	3	10	25	
SCALE=50	1	5	10	
DEC=2	3	2	3	
DEF="Zeit" t / s	"Spannung" U_A1 / V	"Spannung" U_B1 / V	"Frequenz" f / Hz	
0	-0,882	3,565	NAN	
0,02	-0,846	3,55	NAN	
0,04	-0,9495	3,545	NAN	
0,06	-0,984	3,53	NAN	
0,08	-0,9225	3,53	NAN	
0,1	-1,056	3,52	NAN	
0,12	-0,96	3,515	NAN	
0,14	-0,771	3,51	NAN	
0,16	-0,7125	3,5	NAN	
0,18	-0,708	3,485	NAN	
0,2	-0,795	3,485	NAN	
0,22	-0,894	3,47	NAN	
0,24	-0,831	3,47	NAN	
0,26	-0,864	3,46	NAN	
0,28	-0,777	3,455	NAN	
0,3	-0,786	3,44	NAN	
0,32	-0,7815	3,435	NAN	
0,34	-0,7665	3,425	NAN	
0,36	-0,621	3,42	NAN	
0,38	-0,8235	3,42	NAN	
0,4	-0,6615	3,4	NAN	
0,42	-0,5325	3,4	NAN	
0,44	-0,624	3,385	NAN	
0,46	-0,4245	3,385	NAN	
0,48	-0,5415	3,37	NAN	
0,5	-0,5625	3,365	NAN	
0,52	-0,3735	3,36	NAN	
0,54	-0,3885	3,355	NAN	
0,56	-0,3795	3,34	NAN	
0,58	-0,4395	3,335	NAN	
0,6	-0,5265	3,32	NAN	
0,62	-0,504	3,32	NAN	
0,64	-0,4155	3,305	NAN	
0,66	-0,528	3,305	NAN	
0,68	-0,6255	3,29	NAN	
0,7	-0,4455	3,29	NAN	
0,72	-0,588	3,27	NAN	
0,74	-0,4215	3,275	NAN	
0,76	-0,5085	3,255	NAN	
0,78	-0,5895	3,255	NAN	
0,8	-0,3525	3,24	NAN	
0,82	-0,375	3,24	NAN	
0,84	-0,342	3,225	NAN	
0,86	-0,2055	3,225	NAN	
0,88	-0,2745	3,21	NAN	
0,9	-0,315	3,21	NAN	
0,92	-0,237	3,195	NAN	
0,94	-0,2475	3,19	NAN	
0,96	-0,1935	3,18	NAN	
0,98	-0,2055	3,17	NAN	
1	-0,201	3,165	NAN	
1,02	-0,222	3,16	NAN	
1,04	-0,1755	3,145	NAN	
1,06	-0,3585	3,14	NAN	
1,08	-0,108	3,125	NAN	
1,1	-0,2025	3,125	NAN	
1,12	-0,291	3,11	NAN	
1,14	-0,3135	3,105	NAN	
1,16	-0,315	3,09	NAN	
1,18	-0,4335	3,085	NAN	
1,2	-0,2445	3,075	NAN	
1,22	-0,417	3,07	NAN	
1,24	-0,2475	3,06	NAN	
1,26	-0,1485	3,055	NAN	
1,28	-0,0915	3,04	NAN	
1,3	-0,123	3,035	NAN	
1,32	-0,033	3,025	NAN	
1,34	-0,1065	3,01	NAN	
1,36	-0,129	3,005	NAN	
1,38	-0,039	3	NAN	
1,4	-0,093	2,99	NAN	
1,42	-0,0465	2,98	NAN	
1,44	0,0585	2,975	NAN	
1,46	-0,069	2,96	NAN	
1,48	-0,21	2,96	NAN	
1,5	-0,2565	2,94	NAN	
1,52	-0,06	2,935	NAN	
1,54	0,0135	2,925	NAN	
1,56	-0,09	2,915	NAN	
1,58	-0,03	2,9	NAN	
1,6	-0,144	2,905	NAN	
1,62	-0,213	2,885	NAN	
1,64	-0,156	2,88	NAN	
1,66	-0,294	2,87	NAN	
1,68	-0,1965	2,86	NAN	
1,7	-0,081	2,845	NAN	
1,72	0,108	2,845	NAN	
1,74	0,0285	2,825	NAN	
1,76	0,045	2,825	NAN	
1,78	-0,0735	2,81	NAN	
1,8	0,06	2,81	NAN	
1,82	0,1335	2,795	NAN	
1,84	0,069	2,79	NAN	
1,86	0,063	2,775	NAN	
1,88	0,0315	2,765	NAN	
1,9	-0,0375	2,75	NAN	
1,92	-0,1155	2,75	NAN	
1,94	-0,0585	2,74	NAN	
1,96	-0,075	2,73	NAN	
1,98	-0,036	2,725	NAN	
2	-0,048	2,715	NAN	
2,02	-0,0315	2,705	NAN	
2,04	-0,0045	2,695	NAN	
2,06	-0,129	2,69	NAN	
2,08	-0,1215	2,675	NAN	
2,1	-0,0825	2,67	NAN	
2,12	0,0945	2,66	NAN	
2,14	0,009	2,65	NAN	
2,16	0,087	2,64	NAN	
2,18	0,1035	2,635	NAN	
2,2	0,0255	2,62	NAN	
2,22	0,0735	2,615	NAN	
2,24	0,123	2,605	NAN	
2,26	0,1365	2,595	NAN	
2,28	0,159	2,585	NAN	
2,3	0,126	2,585	NAN	
2,32	0,0945	2,565	NAN	
2,34	-0,012	2,565	NAN	
2,36	-0,0795	2,545	NAN	
2,38	-0,0495	2,545	NAN	
2,4	0,1395	2,53	NAN	
2,42	-0,0615	2,53	NAN	
2,44	0,0525	2,51	NAN	
2,46	-0,009	2,51	NAN	
2,48	-0,027	2,495	NAN	
2,5	-0,009	2,495	NAN	
2,52	-0,087	2,475	NAN	
2,54	0,1305	2,47	NAN	
2,56	0,183	2,46	NAN	
2,58	0,1005	2,455	NAN	
2,6	0,165	2,44	NAN	
2,62	0,2205	2,44	NAN	
2,64	0,156	2,425	NAN	
2,66	0,2085	2,42	NAN	
2,68	0,174	2,41	NAN	
2,7	0,1335	2,405	NAN	
2,72	0,177	2,395	NAN	
2,74	0,2055	2,395	NAN	
2,76	0,162	2,37	NAN	
2,78	0,0795	2,37	NAN	
2,8	0,009	2,355	NAN	
2,82	0,0585	2,35	NAN	
2,84	0,0675	2,34	NAN	
2,86	0,117	2,335	NAN	
2,88	0,0315	2,32	NAN	
2,9	0,0465	2,315	NAN	
2,92	0,0675	2,305	NAN	
2,94	0,075	2,3	NAN	
2,96	0,0795	2,29	NAN	
2,98	0,216	2,285	NAN	
3	0,192	2,27	NAN	
3,02	0,2205	2,265	NAN	
3,04	0,192	2,255	NAN	
3,06	0,1425	2,245	NAN	
3,08	0,222	2,24	NAN	
3,1	0,1845	2,235	NAN	
3,12	0,156	2,225	NAN	
3,14	0,156	2,215	NAN	
3,16	0,1965	2,21	NAN	
3,18	0,1755	2,2	NAN	
3,2	0,0165	2,19	NAN	
3,22	0,0765	2,185	NAN	
3,24	0,153	2,18	NAN	
3,26	0,1965	2,165	NAN	
3,28	0,1605	2,165	NAN	
3,3	-0,0075	2,15	NAN	
3,32	0,102	2,145	NAN	
3,34	0,1725	2,135	NAN	
3,36	0,03	2,13	NAN	
3,38	0,015	2,12	NAN	
3,4	0,2115	2,12	NAN	
3,42	0,249	2,1	NAN	
3,44	0,219	2,1	NAN	
3,46	0,2505	2,085	NAN	
3,48	0,153	2,09	NAN	
3,5	0,237	2,07	NAN	
3,52	0,216	2,07	NAN	
3,54	0,291	2,06	NAN	
3,56	0,3045	2,05	NAN	
3,58	0,285	2,04	NAN	
3,6	0,2565	2,04	NAN	
3,62	0,156	2,025	NAN	
3,64	0,1425	2,025	NAN	
3,66	0,1245	2,015	NAN	
3,68	0,123	2,01	NAN	
3,7	0,213	1,995	NAN	
3,72	0,0285	1,985	NAN	
3,74	0,0585	1,975	NAN	
3,76	0,168	1,98	NAN	
3,78	0,1845	1,96	NAN	
3,8	0,147	1,965	NAN	
3,82	0,267	1,95	NAN	
3,84	0,342	1,95	NAN	
3,86	0,3255	1,94	NAN	
3,88	0,291	1,93	NAN	
3,9	0,2085	1,915	NAN	
3,92	0,342	1,92	NAN	
3,94	0,3345	1,905	NAN	
3,96	0,3285	1,905	NAN	
3,98	0,414	1,89	NAN	
4	0,4095	1,89	NAN	
4,02	0,276	1,875	NAN	
4,04	0,3345	1,875	NAN	
4,06	0,2295	1,865	NAN	
4,08	0,1575	1,855	NAN	
4,1	0,273	1,85	NAN	
4,12	0,189	1,845	NAN	
4,14	0,15	1,83	NAN	
4,16	0,159	1,83	NAN	
4,18	0,1515	1,825	NAN	
4,2	0,156	1,815	NAN	
4,22	0,21	1,81	NAN	
4,24	0,204	1,795	NAN	
4,26	0,348	1,79	NAN	
4,28	0,3255	1,785	NAN	
4,3	0,33	1,78	NAN	
4,32	0,3525	1,765	NAN	
4,34	0,2805	1,77	NAN	
4,36	0,324	1,755	NAN	
4,38	0,384	1,75	NAN	
4,4	0,342	1,745	NAN	
4,42	0,36	1,735	NAN	
4,44	0,3495	1,735	NAN	
4,46	0,2745	1,72	NAN	
4,48	0,1785	1,715	NAN	
4,5	0,162	1,705	NAN	
4,52	0,2235	1,705	NAN	
4,54	0,288	1,7	NAN	
4,56	0,261	1,69	NAN	
4,58	0,177	1,68	NAN	
4,6	0,15	1,67	NAN	
4,62	0,2145	1,67	NAN	
4,64	0,2025	1,66	NAN	
4,66	0,252	1,655	NAN	
4,68	0,345	1,64	NAN	
4,7	0,2265	1,645	NAN	
4,72	0,4095	1,63	NAN	
4,74	0,4335	1,625	NAN	
4,76	0,3855	1,615	NAN	
4,78	0,417	1,615	NAN	
4,8	0,354	1,605	NAN	
4,82	0,393	1,59	NAN	
4,84	0,4155	1,595	NAN	
4,86	0,4155	1,58	NAN	
4,88	0,297	1,58	NAN	
4,9	0,279	1,565	NAN	
4,92	0,252	1,565	NAN	
4,94	0,1605	1,555	NAN	
4,96	0,285	1,55	NAN	
4,98	0,192	1,54	NAN	
5	0,1185	1,535	NAN	
5,02	0,27	1,535	NAN	
5,04	0,198	1,52	NAN	
5,06	0,2475	1,52	NAN	
5,08	0,2925	1,505	NAN	
5,1	0,4155	1,505	NAN	
5,12	0,3375	1,49	NAN	
5,14	0,354	1,49	NAN	
5,16	0,327	1,48	NAN	
5,18	0,318	1,475	NAN	
5,2	0,4245	1,47	NAN	
5,22	0,3735	1,46	NAN	
5,24	0,411	1,455	NAN	
5,26	0,3975	1,445	NAN	
5,28	0,4125	1,445	NAN	
5,3	0,4065	1,43	NAN	
5,32	0,2265	1,43	NAN	
5,34	0,2955	1,42	NAN	
5,36	0,3075	1,42	NAN	
5,38	0,216	1,405	NAN	
5,4	0,2325	1,405	NAN	
5,42	0,258	1,395	NAN	
5,44	0,207	1,395	NAN	
5,46	0,231	1,385	NAN	
5,48	0,2325	1,38	NAN	
5,5	0,2625	1,37	NAN	
5,52	0,4095	1,365	NAN	
5,54	0,3615	1,35	NAN	
5,56	0,444	1,35	NAN	
5,58	0,3765	1,34	NAN	
5,6	0,3525	1,34	NAN	
5,62	0,42	1,33	NAN	
5,64	0,4425	1,325	NAN	
5,66	0,4215	1,315	NAN	
5,68	0,3885	1,315	NAN	
5,7	0,3615	1,3	NAN	
5,72	0,357	1,305	NAN	
5,74	0,234	1,29	NAN	
5,76	0,3675	1,29	NAN	
5,78	0,267	1,275	NAN	
5,8	0,237	1,28	NAN	
5,82	0,1905	1,265	NAN	
5,84	0,2895	1,265	NAN	
5,86	0,186	1,25	NAN	
5,88	0,186	1,25	NAN	
5,9	0,264	1,235	NAN	
5,92	0,297	1,235	NAN	
5,94	0,2445	1,22	NAN	
5,96	0,3735	1,225	NAN	
5,98	0,324	1,205	NAN	
6	0,3135	1,21	NAN	
6,02	0,333	1,2	NAN	
6,04	0,417	1,2	NAN	
6,06	0,453	1,185	NAN	
6,08	0,4725	1,19	NAN	
6,1	0,4395	1,175	NAN	
6,12	0,429	1,175	NAN	
6,14	0,4155	1,16	NAN	
6,16	0,318	1,16	NAN	
6,18	0,3315	1,15	NAN	
6,2	0,2745	1,15	NAN	
6,22	0,333	1,135	NAN	
6,24	0,408	1,135	NAN	
6,26	0,3105	1,125	NAN	
6,28	0,2535	1,12	NAN	
6,3	0,3045	1,11	NAN	
6,32	0,2715	1,11	NAN	
6,34	0,1725	1,095	NAN	
6,36	0,195	1,1	NAN	
6,38	0,438	1,085	NAN	
6,4	0,4875	1,09	NAN	
6,42	0,3705	1,07	NAN	
6,44	0,4995	1,08	NAN	
6,46	0,4095	1,065	NAN	
6,48	0,5475	1,065	NAN	
6,5	0,417	1,055	NAN	
6,52	0,4095	1,055	NAN	
6,54	0,3735	1,04	NAN	
6,56	0,4185	1,04	NAN	
6,58	0,5145	1,03	NAN	
6,6	0,2445	1,03	NAN	
6,62	0,3225	1,02	NAN	
6,64	0,2745	1,02	NAN	
6,66	0,387	1,01	NAN	
6,68	0,348	1,005	NAN	
6,7	0,1815	0,995	NAN	
6,72	0,327	0,995	NAN	
6,74	0,237	0,985	NAN	
6,76	0,2805	0,985	NAN	
6,78	0,288	0,97	NAN	
6,8	0,4185	0,97	NAN	
6,82	0,402	0,965	NAN	
6,84	0,4665	0,96	NAN	
6,86	0,462	0,95	NAN	
6,88	0,3615	0,95	NAN	
6,9	0,405	0,94	NAN	
6,92	0,4635	0,94	NAN	
6,94	0,4365	0,935	NAN	
6,96	0,45	0,925	NAN	
6,98	0,4845	0,925	NAN	
7	0,3705	0,92	NAN	
7,02	0,1935	0,91	NAN	
7,04	0,438	0,91	NAN	
7,06	0,3675	0,905	NAN	
7,08	0,309	0,9	NAN	
7,1	0,282	0,885	NAN	
7,12	0,2505	0,89	NAN	
7,14	0,204	0,88	NAN	
7,16	0,3135	0,88	NAN	
7,18	0,279	0,87	NAN	
7,2	0,2445	0,865	NAN	
7,22	0,4245	0,865	NAN	
7,24	0,426	0,855	NAN	
7,26	0,393	0,85	NAN	
7,28	0,4695	0,85	NAN	
7,3	0,408	0,84	NAN	
7,32	0,363	0,84	NAN	
7,34	0,489	0,83	NAN	
7,36	0,4245	0,82	NAN	
7,38	0,4155	0,825	NAN	
7,4	0,501	0,82	NAN	
7,42	0,471	0,815	NAN	
7,44	0,369	0,81	NAN	
7,46	0,3915	0,805	NAN	
7,48	0,255	0,8	NAN	
7,5	0,327	0,795	NAN	
7,52	0,312	0,79	NAN	
7,54	0,3285	0,785	NAN	
7,56	0,336	0,78	NAN	
7,58	0,4155	0,775	NAN	
7,6	0,3585	0,77	NAN	
7,62	0,252	0,77	NAN	
7,64	0,2835	0,765	NAN	
7,66	0,4185	0,76	NAN	
7,68	0,399	0,75	NAN	
7,7	0,396	0,755	NAN	
7,72	0,3555	0,745	NAN	
7,74	0,477	0,745	NAN	
7,76	0,4545	0,735	NAN	
7,78	0,4485	0,735	NAN	
7,8	0,4665	0,73	NAN	
7,82	0,552	0,73	NAN	
7,84	0,4335	0,72	NAN	
7,86	0,3135	0,72	NAN	
7,88	0,324	0,71	NAN	
7,9	0,3075	0,71	NAN	
7,92	0,345	0,71	NAN	
7,94	0,4125	0,705	NAN	
7,96	0,318	0,69	NAN	
7,98	0,225	0,695	NAN	
8	0,2625	0,695	NAN	
8,02	0,1875	0,69	NAN	
8,04	0,3345	0,68	NAN	
8,06	0,2235	0,675	NAN	
8,08	0,411	0,675	NAN	
8,1	0,477	0,68	NAN	
8,12	0,372	0,665	NAN	
8,14	0,3615	0,67	NAN	
8,16	0,39	0,66	NAN	
8,18	0,3915	0,66	NAN	
8,2	0,408	0,65	NAN	
8,22	0,471	0,655	NAN	
8,24	0,4155	0,645	NAN	
8,26	0,477	0,645	NAN	
8,28	0,4095	0,64	NAN	
8,3	0,3165	0,64	NAN	
8,32	0,3975	0,63	NAN	
8,34	0,333	0,635	NAN	
8,36	0,3555	0,625	NAN	
8,38	0,3165	0,63	NAN	
8,4	0,168	0,615	NAN	
8,42	0,2595	0,615	NAN	
8,44	0,2685	0,61	NAN	
8,46	0,276	0,61	NAN	
8,48	0,2055	0,6	NAN	
8,5	0,3585	0,605	NAN	
8,52	0,462	0,595	NAN	
8,54	0,5055	0,6	NAN	
8,56	0,408	0,59	NAN	
8,58	0,384	0,6	NAN	
8,6	0,4635	0,585	NAN	
8,62	0,4635	0,585	NAN	
8,64	0,4845	0,58	NAN	
8,66	0,468	0,585	NAN	
8,68	0,465	0,575	NAN	
8,7	0,4185	0,58	NAN	
8,72	0,303	0,57	NAN	
8,74	0,2685	0,57	NAN	
8,76	0,276	0,565	NAN	
8,78	0,3495	0,57	NAN	
8,8	0,3165	0,555	NAN	
8,82	0,276	0,565	NAN	
8,84	0,357	0,55	NAN	
8,86	0,234	0,555	NAN	
8,88	0,273	0,55	NAN	
8,9	0,21	0,55	NAN	
8,92	0,18	0,54	NAN	
8,94	0,3375	0,545	NAN	
8,96	0,3525	0,535	NAN	
8,98	0,354	0,54	NAN	
9	0,405	0,53	NAN	
9,02	0,3075	0,535	NAN	
9,04	0,3795	0,53	NAN	
9,06	0,3975	0,53	NAN	
9,08	0,4335	0,525	NAN	
9,1	0,375	0,53	NAN	
9,12	0,357	0,52	NAN	
9,14	0,3225	0,525	NAN	
9,16	0,2325	0,515	NAN	
9,18	0,3045	0,52	NAN	
9,2	0,2505	0,51	NAN	
9,22	0,2505	0,515	NAN	
9,24	0,2445	0,505	NAN	
9,26	0,1695	0,51	NAN	
9,28	0,2085	0,5	NAN	
9,3	0,243	0,505	NAN	
9,32	0,183	0,5	NAN	
9,34	0,297	0,5	NAN	
9,36	0,348	0,495	NAN	
9,38	0,3195	0,5	NAN	
9,4	0,309	0,49	NAN	
9,42	0,3225	0,5	NAN	
9,44	0,333	0,485	NAN	
9,46	0,3405	0,49	NAN	
9,48	0,414	0,49	NAN	
9,5	0,327	0,49	NAN	
9,52	0,33	0,48	NAN	
9,54	0,375	0,485	NAN	
9,56	0,294	0,48	NAN	
9,58	0,201	0,485	NAN	
9,6	0,27	0,475	NAN	
9,62	0,2565	0,48	NAN	
9,64	0,225	0,475	NAN	
9,66	0,336	0,475	NAN	
9,68	0,2985	0,47	NAN	
9,7	0,2415	0,475	NAN	
9,72	0,1905	0,465	NAN	
9,74	0,132	0,475	NAN	
9,76	0,2985	0,465	NAN	
9,78	0,357	0,475	NAN	
9,8	0,342	0,47	NAN	
9,82	0,375	0,47	NAN	
9,84	0,324	0,46	NAN	
9,86	0,2745	0,47	NAN	
9,88	0,4065	0,46	NAN	
9,9	0,363	0,465	NAN	
9,92	0,3015	0,465	NAN	
9,94	0,327	0,46	NAN	
9,96	0,3	0,46	NAN	
9,98	0,4605	0,465	NAN	
10	0,2955	0,455	NAN	
10,02	0,2475	0,46	NAN	
10,04	0,234	0,455	NAN	
10,06	0,213	0,46	NAN	
10,08	0,336	0,45	NAN	
10,1	0,1965	0,46	NAN	
10,12	0,231	0,445	NAN	
10,14	0,189	0,46	NAN	
10,16	0,2685	0,45	NAN	
10,18	0,2325	0,455	NAN	
10,2	0,1665	0,45	NAN	
10,22	0,3285	0,455	NAN	
10,24	0,4125	0,445	NAN	
10,26	0,39	0,45	NAN	
10,28	0,2925	0,45	NAN	
10,3	0,336	0,45	NAN	
10,32	0,4935	0,45	NAN	
10,34	0,3555	0,455	NAN	
10,36	0,339	0,445	NAN	
10,38	0,366	0,455	NAN	
10,4	0,3345	0,45	NAN	
10,42	0,228	0,455	NAN	
10,44	0,2025	0,445	NAN	
10,46	0,2865	0,455	NAN	
10,48	0,2715	0,45	NAN	
10,5	0,135	0,455	NAN	
10,52	0,186	0,45	NAN	
10,54	0,228	0,455	NAN	
10,56	0,117	0,45	NAN	
10,58	0,1365	0,455	NAN	
10,6	0,207	0,445	NAN	
10,62	0,2115	0,46	NAN	
10,64	0,333	0,45	NAN	
10,66	0,3075	0,455	NAN	
10,68	0,3375	0,45	NAN	
10,7	0,2745	0,455	NAN	
10,72	0,3675	0,45	NAN	
10,74	0,33	0,465	NAN	
10,76	0,3885	0,455	NAN	
10,78	0,318	0,465	NAN	
10,8	0,411	0,455	NAN	
10,82	0,3405	0,46	NAN	
10,84	0,375	0,455	NAN	
10,86	0,261	0,465	NAN	
10,88	0,2205	0,455	NAN	
10,9	0,228	0,46	NAN	
10,92	0,2265	0,455	NAN	
10,94	0,186	0,465	NAN	
10,96	0,216	0,46	NAN	
10,98	0,297	0,465	NAN	
11	0,2445	0,46	NAN	
11,02	0,2115	0,47	NAN	
11,04	0,2355	0,46	NAN	
11,06	0,366	0,47	NAN	
11,08	0,333	0,465	NAN	
11,1	0,2745	0,47	NAN	
11,12	0,3165	0,465	NAN	
11,14	0,345	0,48	NAN	
11,16	0,4305	0,465	NAN	
11,18	0,459	0,475	NAN	
11,2	0,357	0,475	NAN	
11,22	0,387	0,48	NAN	
11,24	0,333	0,475	NAN	
11,26	0,3615	0,485	NAN	
11,28	0,2415	0,475	NAN	
11,3	0,2175	0,485	NAN	
11,32	0,147	0,485	NAN	
11,34	0,249	0,485	NAN	
11,36	0,2715	0,485	NAN	
11,38	0,009	0,49	NAN	
11,4	0,297	0,485	NAN	
11,42	0,3015	0,495	NAN	
11,44	0,165	0,49	NAN	
11,46	0,189	0,495	NAN	
11,48	0,1785	0,49	NAN	
11,5	0,387	0,5	NAN	
11,52	0,3825	0,5	NAN	
11,54	0,3135	0,5	NAN	
11,56	0,348	0,5	NAN	
11,58	0,5535	0,51	NAN	
11,6	0,4485	0,5	NAN	
11,62	0,4545	0,51	NAN	
11,64	0,3585	0,51	NAN	
11,66	0,3495	0,515	NAN	
11,68	0,6165	0,51	NAN	
11,7	0,2865	0,52	NAN	
11,72	0,291	0,515	NAN	
11,74	0,2415	0,52	NAN	
11,76	0,111	0,52	NAN	
11,78	0,1185	0,525	NAN	
11,8	0,2955	0,525	NAN	
11,82	0,0525	0,525	NAN	
11,84	0,2505	0,525	NAN	
11,86	0,105	0,535	NAN	
11,88	0,306	0,53	NAN	
11,9	0,216	0,545	NAN	
11,92	0,3045	0,535	NAN	
11,94	0,321	0,545	NAN	
11,96	0,387	0,545	NAN	
11,98	0,3015	0,55	NAN	
12	0,3495	0,545	NAN	
12,02	0,297	0,56	NAN	
12,04	0,2325	0,555	NAN	
12,06	0,249	0,56	NAN	
12,08	0,3405	0,565	NAN	
12,1	0,3165	0,565	NAN	
12,12	0,3	0,565	NAN	
12,14	0,147	0,57	NAN	
12,16	0,204	0,57	NAN	
12,18	0,2055	0,585	NAN	
12,2	0,3135	0,58	NAN	
12,22	0,198	0,585	NAN	
12,24	0,2055	0,58	NAN	
12,26	0,2985	0,59	NAN	
12,28	0,2445	0,585	NAN	
12,3	0,174	0,6	NAN	
12,32	0,2325	0,595	NAN	
12,34	0,3915	0,605	NAN	
12,36	0,285	0,6	NAN	
12,38	0,294	0,615	NAN	
12,4	0,231	0,605	NAN	
12,42	0,3735	0,62	NAN	
12,44	0,303	0,615	NAN	
12,46	0,4365	0,625	NAN	
12,48	0,417	0,62	NAN	
12,5	0,4125	0,635	NAN	
12,52	0,336	0,63	NAN	
12,54	0,453	0,64	NAN	
12,56	0,2955	0,63	NAN	
12,58	0,2205	0,65	NAN	
12,6	0,261	0,645	NAN	
12,62	0,129	0,655	NAN	
12,64	0,3075	0,645	NAN	
12,66	0,321	0,665	NAN	
12,68	0,234	0,655	NAN	
12,7	0,252	0,67	NAN	
12,72	0,369	0,665	NAN	
12,74	0,1575	0,675	NAN	
12,76	0,198	0,675	NAN	
12,78	0,3345	0,68	NAN	
12,8	0,3855	0,68	NAN	
12,82	0,3255	0,695	NAN	
12,84	0,2805	0,695	NAN	
12,86	0,3225	0,7	NAN	
12,88	0,402	0,705	NAN	
12,9	0,4665	0,71	NAN	
12,92	0,4425	0,71	NAN	
12,94	0,459	0,72	NAN	
12,96	0,393	0,715	NAN	
12,98	0,2475	0,73	NAN	
13	0,2385	0,73	NAN	
13,02	0,093	0,735	NAN	
13,04	0,243	0,73	NAN	
13,06	0,2445	0,745	NAN	
13,08	0,2595	0,74	NAN	
13,1	0,297	0,755	NAN	
13,12	0,1125	0,75	NAN	
13,14	0,3315	0,765	NAN	
13,16	0,1845	0,76	NAN	
13,18	0,3525	0,775	NAN	
13,2	0,4125	0,77	NAN	
13,22	0,48	0,78	NAN	
13,24	0,3465	0,78	NAN	
13,26	0,3195	0,79	NAN	
13,28	0,402	0,79	NAN	
13,3	0,396	0,805	NAN	
13,32	0,2535	0,8	NAN	
13,34	0,306	0,815	NAN	
13,36	0,279	0,805	NAN	
13,38	0,372	0,815	NAN	
13,4	0,2385	0,82	NAN	
13,42	0,363	0,83	NAN	
13,44	0,321	0,83	NAN	
13,46	0,1725	0,845	NAN	
13,48	0,237	0,84	NAN	
13,5	0,249	0,85	NAN	
13,52	0,1605	0,85	NAN	
13,54	0,1125	0,855	NAN	
13,56	0,0525	0,865	NAN	
13,58	0,246	0,87	NAN	
13,6	0,189	0,87	NAN	
13,62	0,285	0,875	NAN	
13,64	0,3375	0,88	NAN	
13,66	0,381	0,89	NAN	
13,68	0,3735	0,895	NAN	
13,7	0,2415	0,905	NAN	
13,72	0,4185	0,9	NAN	
13,74	0,303	0,915	NAN	
13,76	0,3345	0,92	NAN	
13,78	0,336	0,92	NAN	
13,8	0,3645	0,925	NAN	
13,82	0,27	0,935	NAN	
13,84	0,273	0,935	NAN	
13,86	0,3615	0,95	NAN	
13,88	0,225	0,945	NAN	
13,9	0,207	0,96	NAN	
13,92	0,1485	0,96	NAN	
13,94	0,2385	0,965	NAN	
13,96	0,1095	0,965	NAN	
13,98	0,21	0,98	NAN	
14	0,1905	0,98	NAN	
14,02	0,2175	0,995	NAN	
14,04	0,3705	0,99	NAN	
14,06	0,288	1,005	NAN	
14,08	0,3255	1	NAN	
14,1	0,291	1,015	NAN	
14,12	0,2565	1,02	NAN	
14,14	0,3735	1,03	NAN	
14,16	0,465	1,03	NAN	
14,18	0,312	1,045	NAN	
14,2	0,258	1,045	NAN	
14,22	0,351	1,055	NAN	
14,24	0,3	1,065	NAN	
14,26	0,207	1,065	NAN	
14,28	0,2775	1,065	NAN	
14,3	0,2175	1,08	NAN	
14,32	0,177	1,08	NAN	
14,34	0,339	1,09	NAN	
14,36	0,2505	1,09	NAN	
14,38	0,198	1,1	NAN	
14,4	0,159	1,1	NAN	
14,42	0,2835	1,12	NAN	
14,44	0,2235	1,115	NAN	
14,46	0,147	1,13	NAN	
14,48	0,3345	1,13	NAN	
14,5	0,201	1,145	NAN	
14,52	0,3855	1,145	NAN	
14,54	0,2745	1,155	NAN	
14,56	0,2895	1,16	NAN	
14,58	0,387	1,17	NAN	
14,6	0,396	1,17	NAN	
14,62	0,285	1,185	NAN	
14,64	0,3915	1,18	NAN	
14,66	0,4425	1,2	NAN	
14,68	0,2895	1,195	NAN	
14,7	0,093	1,215	NAN	
14,72	0,1965	1,21	NAN	
14,74	0,246	1,23	NAN	
14,76	0,1695	1,225	NAN	
14,78	0,2445	1,24	NAN	
14,8	0,1425	1,245	NAN	
14,82	0,1875	1,25	NAN	
14,84	0,168	1,25	NAN	
14,86	0,1605	1,27	NAN	
14,88	0,183	1,265	NAN	
14,9	0,303	1,285	NAN	
14,92	0,3555	1,285	NAN	
14,94	0,348	1,3	NAN	
14,96	0,4335	1,3	NAN	
14,98	0,2985	1,31	NAN	
15	0,2895	1,315	NAN	
15,02	0,402	1,33	NAN	
15,04	0,3675	1,335	NAN	
15,06	0,342	1,34	NAN	
15,08	0,3645	1,35	NAN	
15,1	0,2475	1,36	NAN	
15,12	0,222	1,365	NAN	
15,14	0,2085	1,37	NAN	
15,16	0,177	1,38	NAN	
15,18	0,228	1,385	NAN	
15,2	0,384	1,395	NAN	
15,22	0,171	1,4	NAN	
15,24	0,21	1,405	NAN	
15,26	0,2475	1,42	NAN	
15,28	0,174	1,425	NAN	
15,3	0,2085	1,435	NAN	
15,32	0,2265	1,44	NAN	
15,34	0,39	1,45	NAN	
15,36	0,3585	1,46	NAN	
15,38	0,3375	1,465	NAN	
15,4	0,3585	1,475	NAN	
15,42	0,2625	1,48	NAN	
15,44	0,3075	1,49	NAN	
15,46	0,4065	1,495	NAN	
15,48	0,3465	1,505	NAN	
15,5	0,372	1,515	NAN	
15,52	0,3585	1,525	NAN	
15,54	0,231	1,53	NAN	
15,56	0,21	1,54	NAN	
15,58	0,177	1,54	NAN	
15,6	0,2355	1,55	NAN	
15,62	0,195	1,555	NAN	
15,64	0,1035	1,58	NAN	
15,66	0,129	1,575	NAN	
15,68	0,2295	1,585	NAN	
15,7	0,186	1,595	NAN	
15,72	0,144	1,605	NAN	
15,74	0,228	1,605	NAN	
15,76	0,3435	1,62	NAN	
15,78	0,402	1,63	NAN	
15,8	0,3	1,635	NAN	
15,82	0,2745	1,645	NAN	
15,84	0,3165	1,665	NAN	
15,86	0,3465	1,66	NAN	
15,88	0,3525	1,67	NAN	
15,9	0,369	1,675	NAN	
15,92	0,3855	1,69	NAN	
15,94	0,372	1,69	NAN	
15,96	0,2325	1,7	NAN	
15,98	0,2805	1,71	NAN	
16	0,246	1,72	NAN	
16,02	0,2745	1,725	NAN	
16,04	0,2235	1,735	NAN	
16,06	0,3075	1,745	NAN	
16,08	0,1665	1,755	NAN	
16,1	0,0825	1,76	NAN	
16,12	0,201	1,77	NAN	
16,14	0,372	1,78	NAN	
16,16	0,261	1,785	NAN	
16,18	0,354	1,8	NAN	
16,2	0,4215	1,805	NAN	
16,22	0,3675	1,81	NAN	
16,24	0,333	1,82	NAN	
16,26	0,24	1,83	NAN	
16,28	0,351	1,835	NAN	
16,3	0,342	1,845	NAN	
16,32	0,384	1,86	NAN	
16,34	0,231	1,86	NAN	
16,36	0,3885	1,875	NAN	
16,38	0,2805	1,885	NAN	
16,4	0,174	1,89	NAN	
16,42	0,1905	1,9	NAN	
16,44	0,2595	1,91	NAN	
16,46	0,2925	1,915	NAN	
16,48	0,1905	1,925	NAN	
16,5	0,2145	1,935	NAN	
16,52	0,1635	1,94	NAN	
16,54	0,1515	1,95	NAN	
16,56	0,114	1,96	NAN	
16,58	0,063	1,97	NAN	
16,6	0,273	1,985	NAN	
16,62	0,315	1,985	NAN	
16,64	0,3645	1,995	NAN	
16,66	0,336	2,005	NAN	
16,68	0,327	2,015	NAN	
16,7	0,3105	2,02	NAN	
16,72	0,3255	2,035	NAN	
16,74	0,3375	2,04	NAN	
16,76	0,3135	2,055	NAN	
16,78	0,3135	2,055	NAN	
16,8	0,2385	2,07	NAN	
16,82	0,1695	2,075	NAN	
16,84	0,231	2,09	NAN	
16,86	0,168	2,09	NAN	
16,88	0,351	2,105	NAN	
16,9	0,2235	2,11	NAN	
16,92	0,168	2,125	NAN	
16,94	0,1785	2,125	NAN	
16,96	0,12	2,145	NAN	
16,98	0,084	2,145	NAN	
17	0,189	2,165	NAN	
17,02	0,1725	2,165	NAN	
17,04	0,36	2,18	NAN	
17,06	0,3405	2,18	NAN	
17,08	0,315	2,195	NAN	
17,1	0,258	2,205	NAN	
17,12	0,2325	2,215	NAN	
17,14	0,4095	2,22	NAN	
17,16	0,318	2,235	NAN	
17,18	0,3045	2,235	NAN	
17,2	0,2985	2,245	NAN	
17,22	0,3735	2,255	NAN	
17,24	0,234	2,265	NAN	
17,26	0,1545	2,275	NAN	
17,28	0,201	2,285	NAN	
17,3	0,1485	2,29	NAN	
17,32	0,219	2,31	NAN	
17,34	0,1665	2,31	NAN	
17,36	0,0885	2,32	NAN	
17,38	0,2265	2,33	NAN	
17,4	0,0795	2,34	NAN	
17,42	0,12	2,35	NAN	
17,44	0,1065	2,36	NAN	
17,46	0,2565	2,36	NAN	
17,48	0,3	2,38	NAN	
17,5	0,3135	2,38	NAN	
17,52	0,3285	2,395	NAN	
17,54	0,2715	2,395	NAN	
17,56	0,2985	2,415	NAN	
17,58	0,2925	2,42	NAN	
17,6	0,3135	2,43	NAN	
17,62	0,252	2,44	NAN	
17,64	0,3165	2,455	NAN	
17,66	0,363	2,45	NAN	
17,68	0,201	2,47	NAN	
17,7	0,06	2,47	NAN	
17,72	0,309	2,49	NAN	
17,74	0,1785	2,49	NAN	
17,76	0,0945	2,505	NAN	
17,78	0,2025	2,505	NAN	
17,8	0,1185	2,525	NAN	
17,82	0,1785	2,525	NAN	
17,84	0,1515	2,545	NAN	
17,86	0,114	2,54	NAN	
17,88	0,273	2,56	NAN	
17,9	0,2655	2,565	NAN	
17,92	0,21	2,575	NAN	
17,94	0,3435	2,58	NAN	
17,96	0,159	2,595	NAN	
17,98	0,3315	2,6	NAN	
18	0,258	2,615	NAN	
18,02	0,3165	2,615	NAN	
18,04	0,3435	2,635	NAN	
18,06	0,333	2,63	NAN	
18,08	0,3375	2,65	NAN	
18,1	0,1215	2,655	NAN	
18,12	0,078	2,67	NAN	
18,14	0,153	2,67	NAN	
18,16	0,219	2,685	NAN	
18,18	0,1695	2,695	NAN	
18,2	0,123	2,705	NAN	
18,22	0,192	2,705	NAN	
18,24	0,09	2,73	NAN	
18,26	0,096	2,725	NAN	
18,28	0,078	2,74	NAN	
18,3	0,1215	2,74	NAN	
18,32	0,2565	2,76	NAN	
18,34	0,3	2,765	NAN	
18,36	0,258	2,775	NAN	
18,38	0,2115	2,78	NAN	
18,4	0,2025	2,795	NAN	
18,42	0,273	2,8	NAN	
18,44	0,33	2,81	NAN	
18,46	0,288	2,82	NAN	
18,48	0,2415	2,83	NAN	
18,5	0,276	2,835	NAN	
18,52	0,1005	2,855	NAN	
18,54	0,183	2,85	NAN	
18,56	0,1305	2,87	NAN	
18,58	0,168	2,87	NAN	
18,6	0,078	2,885	NAN	
18,62	0,213	2,89	NAN	
18,64	0,1065	2,905	NAN	
18,66	0,087	2,905	NAN	
18,68	0,117	2,925	NAN	
18,7	0,1125	2,92	NAN	
18,72	0,0375	2,94	NAN	
18,74	0,2565	2,94	NAN	
18,76	0,1755	2,965	NAN	
18,78	0,126	2,955	NAN	
18,8	0,3015	2,975	NAN	
18,82	0,234	2,98	NAN	
18,84	0,2565	2,995	NAN	
18,86	0,2145	3,005	NAN	
18,88	0,345	3,015	NAN	
18,9	0,285	3,025	NAN	
18,92	0,2085	3,03	NAN	
18,94	0,168	3,035	NAN	
18,96	0,021	3,05	NAN	
18,98	0,138	3,05	NAN	
19	0,075	3,07	NAN	
19,02	0,018	3,07	NAN	
19,04	0,075	3,08	NAN	
19,06	-0,0135	3,085	NAN	
19,08	0,0855	3,1	NAN	
19,1	0,0975	3,1	NAN	
19,12	0,0345	3,12	NAN	
19,14	0,0915	3,12	NAN	
19,16	0,1875	3,14	NAN	
19,18	0,2355	3,14	NAN	
19,2	0,1755	3,155	NAN	
19,22	0,0795	3,155	NAN	
19,24	0,177	3,175	NAN	
19,26	0,327	3,175	NAN	
19,28	0,2265	3,195	NAN	
19,3	0,237	3,195	NAN	
19,32	0,1935	3,21	NAN	
19,34	0,2655	3,21	NAN	
19,36	0,1305	3,23	NAN	
19,38	0,0825	3,23	NAN	
19,4	-0,1635	3,245	NAN	
19,42	0,1665	3,245	NAN	
19,44	0,015	3,265	NAN	
19,46	0,0585	3,26	NAN	
19,48	0,0405	3,28	NAN	
19,5	0,0105	3,285	NAN	
19,52	0,066	3,3	NAN	
19,54	0,0525	3,3	NAN	
19,56	0,0165	3,315	NAN	
19,58	0,135	3,315	NAN	
19,6	0,1305	3,33	NAN	
19,62	0,15	3,335	NAN	
19,64	0,195	3,355	NAN	
19,66	0,1815	3,35	NAN	
19,68	0,093	3,37	NAN	
19,7	0,1005	3,37	NAN	
19,72	0,081	3,385	NAN	
19,74	0,1965	3,39	NAN	
19,76	0,234	3,4	NAN	
19,78	0,117	3,405	NAN	
19,8	-0,0045	3,42	NAN	
19,82	0,036	3,42	NAN	
19,84	0,0195	3,435	NAN	
19,86	-0,108	3,44	NAN	
19,88	-0,084	3,45	NAN	
19,9	-0,0045	3,46	NAN	
19,92	-0,0435	3,47	NAN	
19,94	-0,1095	3,475	NAN	
19,96	-0,0255	3,49	NAN	
19,98	-0,033	3,49	NAN	
20	-0,1425	3,505	NAN	
20,02	0,0885	3,51	NAN	
20,04	0,063	3,525	NAN	
20,06	0,015	3,525	NAN	
20,08	-0,0255	3,54	NAN	
20,1	0,045	3,54	NAN	
20,12	0,0825	3,555	NAN	
20,14	0,0525	3,56	NAN	
20,16	0,1065	3,57	NAN	
20,18	0,0645	3,575	NAN	
20,2	0,045	3,59	NAN	
20,22	-0,075	3,595	NAN	
20,24	-0,099	3,61	NAN	
20,26	-0,1575	3,61	NAN	
20,28	-0,1335	3,63	NAN	
20,3	0,0225	3,63	NAN	
20,32	-0,117	3,645	NAN	
20,34	-0,144	3,645	NAN	
20,36	-0,2085	3,655	NAN	
20,38	-0,138	3,665	NAN	
20,4	-0,1335	3,675	NAN	
20,42	-0,1635	3,675	NAN	
20,44	-0,0375	3,69	NAN	
20,46	0,018	3,695	NAN	
20,48	-0,0435	3,71	NAN	
20,5	-0,093	3,71	NAN	
20,52	-0,1035	3,725	NAN	
20,54	-0,0855	3,73	NAN	
20,56	-0,1095	3,74	NAN	
20,58	0,0195	3,745	NAN	
20,6	-0,102	3,755	NAN	
20,62	-0,1905	3,76	NAN	
20,64	-0,1425	3,775	NAN	
20,66	-0,183	3,775	NAN	
20,68	-0,2715	3,79	NAN	
20,7	-0,333	3,795	NAN	
20,72	-0,216	3,805	NAN	
20,74	-0,27	3,81	NAN	
20,76	-0,309	3,825	NAN	
20,78	-0,3675	3,825	NAN	
20,8	-0,2115	3,84	NAN	
20,82	-0,3765	3,84	NAN	
20,84	-0,3825	3,855	NAN	
20,86	-0,243	3,855	NAN	
20,88	-0,2445	3,87	NAN	
20,9	-0,1785	3,87	NAN	
20,92	-0,255	3,89	NAN	
20,94	-0,243	3,89	NAN	
20,96	-0,33	3,905	NAN	
20,98	-0,2715	3,905	NAN	
21	-0,291	3,915	NAN	
21,02	-0,264	3,925	NAN	
21,04	-0,318	3,93	NAN	
21,06	-0,3075	3,93	NAN	
21,08	-0,3195	3,945	NAN	
21,1	-0,4035	3,95	NAN	
21,12	-0,405	3,965	NAN	
21,14	-0,486	3,965	NAN	
21,16	-0,486	3,98	NAN	
21,18	-0,4785	3,98	NAN	
21,2	-0,5985	3,99	NAN	
21,22	-0,4395	3,995	NAN	
21,24	-0,5565	4,01	NAN	
21,26	-0,5145	4,01	NAN	
21,28	-0,426	4,025	NAN	
21,3	-0,4695	4,025	NAN	
21,32	-0,3765	4,04	NAN	
21,34	-0,5025	4,04	NAN	
21,36	-0,597	4,055	NAN	
21,38	-0,6435	4,055	NAN	
21,4	-0,4995	4,07	NAN	
21,42	-0,573	4,07	NAN	
21,44	-0,5835	4,085	NAN	
21,46	-0,6405	4,09	NAN	
21,48	-0,666	4,1	NAN	
21,5	-0,7155	4,105	NAN	
21,52	-0,78	4,115	NAN	
21,54	-0,765	4,12	NAN	
21,56	-0,765	4,13	NAN	
21,58	-0,873	4,135	NAN	
21,6	-0,825	4,145	NAN	
21,62	-0,879	4,15	NAN	
21,64	-0,8715	4,165	NAN	
21,66	-1,029	4,16	NAN	
21,68	-1,014	4,175	NAN	
21,7	-1,035	4,18	NAN	
21,72	-0,8535	4,19	NAN	
21,74	-0,927	4,195	NAN	
21,76	-1,017	4,205	NAN	
21,78	-0,9945	4,21	NAN	
21,8	-0,9735	4,22	NAN	
21,82	-1,062	4,23	NAN	
21,84	-1,0425	4,235	NAN	
21,86	-1,008	4,24	NAN	
21,88	-1,0455	4,245	NAN	
21,9	-1,1895	4,255	NAN	
21,92	-1,074	4,27	NAN	
21,94	-1,2915	4,27	NAN	
21,96	-1,338	4,28	NAN	
21,98	-1,344	4,285	NAN	
22	-1,4385	4,295	NAN	
22,02	-1,3725	4,305	NAN	
22,04	-1,473	4,305	NAN	
22,06	-1,4835	4,31	NAN	
22,08	-1,5555	4,32	NAN	
22,1	-1,4745	4,325	NAN	
22,12	-1,554	4,335	NAN	
22,14	-1,5165	4,34	NAN	
22,16	-1,3275	4,35	NAN	
22,18	-1,452	4,355	NAN	
22,2	-1,5195	4,365	NAN	
22,22	-1,503	4,37	NAN	
22,24	-1,4505	4,375	NAN	
22,26	-1,4175	4,385	NAN	
22,28	-1,464	4,39	NAN	
22,3	-1,4295	4,395	NAN	
22,32	-1,3665	4,4	NAN	
22,34	-1,4325	4,41	NAN	
22,36	-1,569	4,415	NAN	
22,38	-1,4595	4,425	NAN	
22,4	-1,5045	4,435	NAN	
22,42	-1,539	4,44	NAN	
22,44	-1,4475	4,445	NAN	
22,46	-1,4955	4,455	NAN	
22,48	-1,4835	4,46	NAN	
22,5	-1,5	4,46	NAN	
22,52	-1,5135	4,475	NAN	
22,54	-1,38	4,475	NAN	
22,56	-1,2645	4,49	NAN	
22,58	-1,2105	4,49	NAN	
22,6	-1,191	4,5	NAN	
22,62	-1,158	4,5	NAN	
22,64	-1,1415	4,51	NAN	
22,66	-1,119	4,515	NAN	
22,68	-1,122	4,525	NAN	
22,7	-0,9615	4,53	NAN	
22,72	-1,0575	4,54	NAN	
22,74	-0,936	4,54	NAN	
22,76	-0,9465	4,555	NAN	
22,78	-1,1235	4,555	NAN	
22,8	-0,9945	4,565	NAN	
22,82	-1,0515	4,57	NAN	
22,84	-0,96	4,58	NAN	
22,86	-0,9345	4,58	NAN	
22,88	-1,029	4,595	NAN	
22,9	-0,909	4,595	NAN	
22,92	-0,921	4,605	NAN	
22,94	-0,9675	4,61	NAN	
22,96	-0,852	4,62	NAN	
22,98	-0,849	4,62	NAN	
23	-0,801	4,635	NAN	
23,02	-0,678	4,635	NAN	
23,04	-0,747	4,645	NAN	
23,06	-0,591	4,645	NAN	
23,08	-0,5565	4,66	NAN	
23,1	-0,6225	4,66	NAN	
23,12	-0,6195	4,675	NAN	
23,14	-0,552	4,67	NAN	
23,16	-0,597	4,685	NAN	
23,18	-0,5985	4,69	NAN	
23,2	-0,5715	4,7	NAN	
23,22	-0,543	4,695	NAN	
23,24	-0,7185	4,71	NAN	
23,26	-0,681	4,71	NAN	
23,28	-0,5505	4,72	NAN	
23,3	-0,5835	4,72	NAN	
23,32	-0,627	4,73	NAN	
23,34	-0,693	4,73	NAN	
23,36	-0,6735	4,75	NAN	
23,38	-0,6285	4,745	NAN	
23,4	-0,5415	4,755	NAN	
23,42	-0,2865	4,76	NAN	
23,44	-0,4425	4,77	NAN	
23,46	-0,321	4,77	NAN	
23,48	-0,477	4,785	NAN	
23,5	-0,468	4,78	NAN	
23,52	-0,3225	4,795	NAN	
23,54	-0,2655	4,8	NAN	
23,56	-0,363	4,805	NAN	
23,58	-0,267	4,805	NAN	
23,6	-0,237	4,82	NAN	
23,62	-0,2745	4,82	NAN	
23,64	-0,5325	4,83	NAN	
23,66	-0,3915	4,83	NAN	
23,68	-0,432	4,845	NAN	
23,7	-0,321	4,84	NAN	
23,72	-0,2925	4,855	NAN	
23,74	-0,429	4,85	NAN	
23,76	-0,426	4,865	NAN	
23,78	-0,4005	4,875	NAN	
23,8	-0,3795	4,88	NAN	
23,82	-0,2955	4,88	NAN	
23,84	-0,273	4,89	NAN	
23,86	-0,318	4,89	NAN	
23,88	-0,267	4,9	NAN	
23,9	-0,2505	4,9	NAN	
23,92	-0,195	4,915	NAN	
23,94	-0,219	4,915	NAN	
23,96	-0,0735	4,925	NAN	
23,98	-0,114	4,925	NAN	
24	-0,117	4,94	NAN	
24,02	-0,1875	4,935	NAN	
24,04	-0,153	4,95	NAN	
24,06	-0,3645	4,95	NAN	
24,08	-0,282	4,96	NAN	
24,1	-0,201	4,96	NAN	
24,12	-0,321	4,97	NAN	
24,14	-0,2115	4,97	NAN	
24,16	-0,3345	4,98	NAN	
24,18	-0,3765	4,98	NAN	
24,2	-0,252	4,99	NAN	
24,22	-0,348	4,99	NAN	
24,24	-0,3855	5,005	NAN	
24,26	-0,201	5	NAN	
24,28	-0,0465	5,015	NAN	
24,3	-0,1245	5,01	NAN	
24,32	-0,0345	5,025	NAN	
24,34	-0,057	5,03	NAN	
24,36	-0,156	5,035	NAN	
24,38	-0,111	5,04	NAN	
24,4	-0,1725	5,045	NAN	
24,42	-0,0405	5,05	NAN	
24,44	-0,0615	5,06	NAN	
24,46	-0,1275	5,06	NAN	
24,48	-0,2145	5,07	NAN	
24,5	-0,147	5,075	NAN	
24,52	-0,204	5,08	NAN	
24,54	-0,153	5,08	NAN	
24,56	-0,198	5,09	NAN	
24,58	-0,1725	5,09	NAN	
24,6	-0,1875	5,1	NAN	
24,62	-0,2745	5,1	NAN	
24,64	-0,2265	5,11	NAN	
24,66	-0,159	5,11	NAN	
24,68	-0,174	5,12	NAN	
24,7	-0,0795	5,125	NAN	
24,72	-0,1125	5,13	NAN	
24,74	-0,0885	5,13	NAN	
24,76	-0,0015	5,145	NAN	
24,78	-0,0585	5,14	NAN	
24,8	-0,0135	5,155	NAN	
24,82	-0,0945	5,15	NAN	
24,84	-0,063	5,165	NAN	
24,86	-0,1095	5,165	NAN	
24,88	-0,0105	5,17	NAN	
24,9	0,1395	5,175	NAN	
24,92	-0,108	5,18	NAN	
24,94	-0,072	5,18	NAN	
24,96	-0,027	5,195	NAN	
24,98	-0,1995	5,19	NAN	
25	-0,1215	5,2	NAN	
25,02	-0,1065	5,205	NAN	
25,04	-0,2025	5,215	NAN	
25,06	-0,09	5,21	NAN	
25,08	-0,2295	5,22	NAN	
25,1	-0,2145	5,215	NAN	
25,12	-0,1035	5,23	NAN	
25,14	0,009	5,23	NAN	
25,16	-0,009	5,24	NAN	
25,18	-0,0285	5,24	NAN	
25,2	-0,0495	5,245	NAN	
25,22	0,027	5,25	NAN	
25,24	0,114	5,255	NAN	
25,26	-0,0585	5,26	NAN	
25,28	0,1185	5,27	NAN	
25,3	0,036	5,26	NAN	
25,32	-0,003	5,275	NAN	
25,34	-0,117	5,275	NAN	
25,36	-0,18	5,28	NAN	
25,38	-0,1065	5,28	NAN	
25,4	-0,0285	5,29	NAN	
25,42	-0,0465	5,29	NAN	
25,44	-0,0825	5,3	NAN	
25,46	-0,0945	5,3	NAN	
25,48	-0,1485	5,31	NAN	
25,5	-0,1275	5,305	NAN	
25,52	-0,231	5,315	NAN	
25,54	-0,0915	5,31	NAN	
25,56	0,09	5,32	NAN	
25,58	0,081	5,32	NAN	
25,6	0,0195	5,335	NAN	
25,62	0,012	5,325	NAN	
25,64	0,0675	5,34	NAN	
25,66	0,09	5,34	NAN	
25,68	0,0735	5,345	NAN	
25,7	0,0885	5,345	NAN	
25,72	0,045	5,36	NAN	
25,74	0,0885	5,35	NAN	
25,76	-0,0495	5,365	NAN	
25,78	-0,012	5,355	NAN	
25,8	-0,1125	5,37	NAN	
25,82	-0,1365	5,37	NAN	
25,84	-0,0075	5,38	NAN	
25,86	-0,0435	5,375	NAN	
25,88	-0,0705	5,385	NAN	
25,9	-0,0135	5,38	NAN	
25,92	-0,024	5,39	NAN	
25,94	-0,042	5,395	NAN	
25,96	-0,1155	5,4	NAN	
25,98	0,015	5,395	NAN	
26	0,072	5,405	NAN	
26,02	0,1575	5,405	NAN	
26,04	0,0495	5,41	NAN	
26,06	0,0405	5,405	NAN	
26,08	0,1545	5,42	NAN	
26,1	0,093	5,415	NAN	
26,12	0,0975	5,425	NAN	
26,14	0,0585	5,425	NAN	
26,16	0,048	5,435	NAN	
26,18	0,0285	5,43	NAN	
26,2	-0,0585	5,435	NAN	
26,22	-0,0435	5,435	NAN	
26,24	0,057	5,445	NAN	
26,26	-0,012	5,445	NAN	
26,28	0,039	5,45	NAN	
26,3	-0,024	5,45	NAN	
26,32	-0,033	5,46	NAN	
26,34	-0,09	5,455	NAN	
26,36	-0,045	5,465	NAN	
26,38	-0,0795	5,46	NAN	
26,4	0,078	5,47	NAN	
26,42	0,0885	5,465	NAN	
26,44	0,0225	5,475	NAN	
26,46	0,012	5,475	NAN	
26,48	0,114	5,48	NAN	
26,5	0,093	5,48	NAN	
26,52	0,075	5,49	NAN	
26,54	0,111	5,49	NAN	
26,56	0,1455	5,495	NAN	
26,58	0,2175	5,49	NAN	
26,6	0,2175	5,5	NAN	
26,62	-0,033	5,5	NAN	
26,64	-0,018	5,51	NAN	
26,66	0,021	5,505	NAN	
26,68	-0,006	5,515	NAN	
26,7	-0,1005	5,505	NAN	
26,72	0,0405	5,52	NAN	
26,74	0,0195	5,515	NAN	
26,76	-0,003	5,525	NAN	
26,78	0,0375	5,52	NAN	
26,8	-0,0525	5,53	NAN	
26,82	-0,009	5,525	NAN	
26,84	0,0855	5,54	NAN	
26,86	0,054	5,53	NAN	
26,88	0,057	5,54	NAN	
26,9	0,075	5,535	NAN	
26,92	0,024	5,54	NAN	
26,94	0,1275	5,545	NAN	
26,96	0,09	5,55	NAN	
26,98	0,1935	5,545	NAN	
27	0,237	5,555	NAN	
27,02	0,1275	5,545	NAN	
27,04	-0,0225	5,56	NAN	
27,06	0,027	5,555	NAN	
27,08	0,114	5,565	NAN	
27,1	0,0675	5,56	NAN	
27,12	0,126	5,57	NAN	
27,14	-0,003	5,565	NAN	
27,16	-0,066	5,575	NAN	
27,18	0	5,57	NAN	
27,2	-0,0315	5,575	NAN	
27,22	-0,039	5,575	NAN	
27,24	-0,033	5,585	NAN	
27,26	0,0795	5,58	NAN	
27,28	0,177	5,59	NAN	
27,3	0,1125	5,58	NAN	
27,32	0,195	5,59	NAN	
27,34	0,0855	5,585	NAN	
27,36	0,129	5,595	NAN	
27,38	0,1905	5,59	NAN	
27,4	0,141	5,605	NAN	
27,42	0,1905	5,6	NAN	
27,44	0,147	5,605	NAN	
27,46	0,1995	5,6	NAN	
27,48	0,1125	5,61	NAN	
27,5	0,033	5,605	NAN	
27,52	0,018	5,615	NAN	
27,54	-0,0015	5,61	NAN	
27,56	-0,066	5,615	NAN	
27,58	0,045	5,61	NAN	
27,6	0,078	5,62	NAN	
27,62	-0,0525	5,615	NAN	
27,64	-0,084	5,625	NAN	
27,66	-0,102	5,62	NAN	
27,68	0,117	5,625	NAN	
27,7	-0,006	5,62	NAN	
27,72	0,1275	5,63	NAN	
27,74	0,21	5,625	NAN	
27,76	0,15	5,63	NAN	
27,78	0,159	5,625	NAN	
27,8	0,1665	5,635	NAN	
27,82	0,096	5,635	NAN	
27,84	0,1245	5,64	NAN	
27,86	0,126	5,635	NAN	
27,88	0,138	5,645	NAN	
27,9	-0,0495	5,64	NAN	
27,92	0,0975	5,655	NAN	
27,94	0,0615	5,64	NAN	
27,96	0,144	5,65	NAN	
27,98	-0,018	5,645	NAN	
28	-0,1125	5,65	NAN	
28,02	-0,0045	5,65	NAN	
28,04	-0,015	5,655	NAN	
28,06	-0,033	5,65	NAN	
28,08	-0,069	5,655	NAN	
28,1	-0,03	5,65	NAN	
28,12	0,1245	5,66	NAN	
28,14	0,072	5,655	NAN	
28,16	0,0495	5,66	NAN	
28,18	0,051	5,66	NAN	
28,2	0,1935	5,66	NAN	
28,22	0,1485	5,665	NAN	
28,24	0,159	5,67	NAN	
28,26	0,195	5,665	NAN	
28,28	0,165	5,665	NAN	
28,3	0,093	5,675	NAN	
28,32	0,0465	5,67	NAN	
28,34	0,0645	5,67	NAN	
28,36	-0,0525	5,67	NAN	
28,38	0,0375	5,675	NAN	
28,4	0,0105	5,675	NAN	
28,42	0	5,675	NAN	
28,44	-0,006	5,675	NAN	
28,46	0,084	5,675	NAN	
28,48	-0,0375	5,68	NAN	
28,5	-0,12	5,68	NAN	
28,52	0,0915	5,68	NAN	
28,54	0,0675	5,675	NAN	
28,56	0,1185	5,68	NAN	
28,58	0,0915	5,685	NAN	
28,6	0,132	5,68	NAN	
28,62	0,1275	5,69	NAN	
28,64	0,249	5,68	NAN	
28,66	0,168	5,685	NAN	
28,68	0,051	5,685	NAN	
28,7	0,174	5,69	NAN	
28,72	0,0585	5,685	NAN	
28,74	0,072	5,69	NAN	
28,76	-0,087	5,685	NAN	
28,78	0,0285	5,69	NAN	
28,8	0,0165	5,685	NAN	
28,82	0,009	5,69	NAN	
28,84	-0,0015	5,69	NAN	
28,86	0,0015	5,695	NAN	
28,88	0,0135	5,685	NAN	
28,9	-0,021	5,695	NAN	
28,92	-0,042	5,69	NAN	
28,94	0,0525	5,69	NAN	
28,96	0,1455	5,69	NAN	
28,98	0,012	5,695	NAN	
29	0,114	5,685	NAN	
29,02	0,084	5,695	NAN	
29,04	0,1275	5,685	NAN	
29,06	0,171	5,695	NAN	
29,08	0,132	5,69	NAN	
29,1	0,1845	5,695	NAN	
29,12	0,198	5,695	NAN	
29,14	0,165	5,7	NAN	
29,16	0,1245	5,69	NAN	
29,18	0,0255	5,7	NAN	
29,2	0,0885	5,695	NAN	
29,22	0,0435	5,695	NAN	
29,24	0,0135	5,69	NAN	
29,26	0,051	5,695	NAN	
29,28	0,0075	5,69	NAN	
29,3	-0,0885	5,695	NAN	
29,32	-0,036	5,69	NAN	
29,34	0,087	5,695	NAN	
29,36	-0,042	5,69	NAN	
29,38	0,0495	5,695	NAN	
29,4	0,15	5,69	NAN	
29,42	0,171	5,695	NAN	
29,44	0,081	5,69	NAN	
29,46	0,288	5,695	NAN	
29,48	0,1665	5,685	NAN	
29,5	0,174	5,695	NAN	
29,52	0,1545	5,69	NAN	
29,54	0,204	5,695	NAN	
29,56	0,21	5,69	NAN	
29,58	0,165	5,695	NAN	
29,6	0,0225	5,69	NAN	
29,62	0,003	5,695	NAN	
29,64	0,0555	5,685	NAN	
29,66	0,0135	5,69	NAN	
29,68	0,0315	5,685	NAN	
29,7	-0,0255	5,69	NAN	
29,72	-0,012	5,685	NAN	
29,74	-0,027	5,685	NAN	
29,76	0,045	5,685	NAN	
29,78	-0,0675	5,685	NAN	
29,8	-0,0465	5,685	NAN	
29,82	0,123	5,685	NAN	
29,84	0,1215	5,685	NAN	
29,86	0,1215	5,685	NAN	
29,88	0,1965	5,68	NAN	
29,9	0,147	5,68	NAN	
29,92	0,1185	5,68	NAN	
29,94	0,0885	5,68	NAN	
29,96	0,1725	5,68	NAN	
29,98	0,1125	5,675	NAN	
30	0,126	5,675	NAN	
30,02	0,033	5,675	NAN	
30,04	0,0255	5,675	NAN	
30,06	0,1155	5,675	NAN	
30,08	0,123	5,675	NAN	
30,1	0,117	5,67	NAN	
30,12	0,0105	5,67	NAN	
30,14	-0,069	5,665	NAN	
30,16	0,027	5,67	NAN	
30,18	0,0885	5,665	NAN	
30,2	-0,0885	5,67	NAN	
30,22	-0,0675	5,66	NAN	
30,24	0,12	5,665	NAN	
30,26	0,111	5,66	NAN	
30,28	0,0765	5,66	NAN	
30,3	0,1305	5,65	NAN	
30,32	0,1425	5,66	NAN	
30,34	0,195	5,655	NAN	
30,36	0,2055	5,66	NAN	
30,38	0,1815	5,655	NAN	
30,4	0,084	5,66	NAN	
30,42	0,2295	5,65	NAN	
30,44	0,0855	5,65	NAN	
30,46	0,072	5,645	NAN	
30,48	0,144	5,65	NAN	
30,5	-0,012	5,64	NAN	
30,52	0,0975	5,65	NAN	
30,54	0,0885	5,64	NAN	
30,56	0,111	5,64	NAN	
30,58	-0,093	5,635	NAN	
30,6	-0,0225	5,635	NAN	
30,62	-0,09	5,63	NAN	
30,64	-0,0255	5,635	NAN	
30,66	0,1365	5,63	NAN	
30,68	0,135	5,63	NAN	
30,7	0,063	5,625	NAN	
30,72	0,1605	5,625	NAN	
30,74	0,0075	5,62	NAN	
30,76	0,309	5,625	NAN	
30,78	0,138	5,62	NAN	
30,8	0,0435	5,62	NAN	
30,82	0,1725	5,61	NAN	
30,84	0,267	5,62	NAN	
30,86	0,1245	5,61	NAN	
30,88	0,03	5,615	NAN	
30,9	-0,006	5,605	NAN	
30,92	-0,006	5,61	NAN	
30,94	-0,042	5,605	NAN	
30,96	-0,0015	5,605	NAN	
30,98	-0,0255	5,605	NAN	
31	0,0645	5,6	NAN	
31,02	-0,0315	5,6	NAN	
31,04	-0,0675	5,59	NAN	
31,06	-0,0165	5,6	NAN	
31,08	-0,096	5,585	NAN	
31,1	0,1155	5,59	NAN	
31,12	0,039	5,585	NAN	
31,14	0,0615	5,585	NAN	
31,16	0,1665	5,58	NAN	
31,18	0,1455	5,58	NAN	
31,2	0,06	5,575	NAN	
31,22	0,141	5,575	NAN	
31,24	0,084	5,58	NAN	
31,26	0,2325	5,57	NAN	
31,28	0,162	5,57	NAN	
31,3	-0,0315	5,565	NAN	
31,32	-0,039	5,565	NAN	
31,34	-0,03	5,555	NAN	
31,36	-0,0705	5,56	NAN	
31,38	0,081	5,57	NAN	
31,4	0,0585	5,55	NAN	
31,42	-0,0615	5,555	NAN	
31,44	-0,0045	5,55	NAN	
31,46	-0,0405	5,55	NAN	
31,48	-0,117	5,54	NAN	
31,5	-0,087	5,54	NAN	
31,52	0,0765	5,535	NAN	
31,54	0,0735	5,54	NAN	
31,56	0,165	5,53	NAN	
31,58	0,1995	5,535	NAN	
31,6	0,1245	5,53	NAN	
31,62	0,198	5,52	NAN	
31,64	0,1005	5,53	NAN	
31,66	0,1905	5,52	NAN	
31,68	0,1305	5,52	NAN	
31,7	0,1215	5,515	NAN	
31,72	0,015	5,515	NAN	
31,74	0,0255	5,505	NAN	
31,76	0,093	5,51	NAN	
31,78	-0,129	5,505	NAN	
31,8	-0,0585	5,495	NAN	
31,82	0,078	5,5	NAN	
31,84	0,108	5,495	NAN	
31,86	-0,024	5,495	NAN	
31,88	-0,0675	5,49	NAN	
31,9	-0,0165	5,485	NAN	
31,92	-0,027	5,475	NAN	
31,94	0,0615	5,485	NAN	
31,96	0,075	5,47	NAN	
31,98	0,1665	5,475	NAN	
32	0,168	5,47	NAN	
32,02	0	5,47	NAN	
32,04	0,0945	5,47	NAN	
32,06	0,1545	5,465	NAN	
32,08	0,0435	5,46	NAN	
32,1	0,099	5,455	NAN	
32,12	0,1365	5,455	NAN	
32,14	0,1155	5,45	NAN	
32,16	0,1275	5,45	NAN	
32,18	-0,0135	5,44	NAN	
32,2	0,105	5,445	NAN	
32,22	0,0675	5,435	NAN	
32,24	0,096	5,44	NAN	
32,26	-0,069	5,425	NAN	
32,28	-0,051	5,43	NAN	
32,3	-0,0525	5,42	NAN	
32,32	-0,0825	5,425	NAN	
32,34	-0,1365	5,415	NAN	
32,36	-0,0525	5,42	NAN	
32,38	-0,0255	5,41	NAN	
32,4	0,1185	5,41	NAN	
32,42	0,108	5,41	NAN	
32,44	0,0915	5,4	NAN	
32,46	0,1065	5,395	NAN	
32,48	0,1575	5,39	NAN	
32,5	0,1695	5,39	NAN	
32,52	0,1875	5,39	NAN	
32,54	0,1635	5,375	NAN	
32,56	0,1875	5,38	NAN	
32,58	-0,15	5,375	NAN	
32,6	0,0405	5,37	NAN	
32,62	-0,162	5,365	NAN	
32,64	-0,0255	5,365	NAN	
32,66	-0,0315	5,355	NAN	
32,68	-0,0195	5,36	NAN	
32,7	-0,117	5,345	NAN	
32,72	-0,054	5,35	NAN	
32,74	0,018	5,345	NAN	
32,76	-0,075	5,34	NAN	
32,78	-0,096	5,335	NAN	
32,8	0,1575	5,33	NAN	
32,82	0,096	5,33	NAN	
32,84	0,0915	5,325	NAN	
32,86	0,1485	5,32	NAN	
32,88	0,117	5,32	NAN	
32,9	0,126	5,315	NAN	
32,92	0,141	5,31	NAN	
32,94	0,129	5,305	NAN	
32,96	0,147	5,3	NAN	
32,98	0,246	5,295	NAN	
33	0,102	5,29	NAN	
33,02	-0,012	5,29	NAN	
33,04	-0,027	5,285	NAN	
33,06	0,042	5,28	NAN	
33,08	-0,039	5,28	NAN	
33,1	0	5,275	NAN	
33,12	-0,084	5,27	NAN	
33,14	-0,0915	5,26	NAN	
33,16	-0,0075	5,26	NAN	
33,18	-0,009	5,255	NAN	
33,2	0,0345	5,25	NAN	
33,22	0,0255	5,245	NAN	
33,24	-0,0015	5,24	NAN	
33,26	0,081	5,245	NAN	
33,28	0,066	5,235	NAN	
33,3	0,0675	5,23	NAN	
33,32	-0,009	5,22	NAN	
33,34	0,1695	5,225	NAN	
33,36	0,12	5,215	NAN	
33,38	0,1125	5,215	NAN	
33,4	0,075	5,21	NAN	
33,42	0,0825	5,205	NAN	
33,44	0,0255	5,2	NAN	
33,46	-0,0345	5,195	NAN	
33,48	-0,066	5,195	NAN	
33,5	-0,0345	5,18	NAN	
33,52	-0,0585	5,18	NAN	
33,54	-0,15	5,18	NAN	
33,56	-0,0645	5,17	NAN	
33,58	0,051	5,17	NAN	
33,6	-0,1155	5,16	NAN	
33,62	-0,0945	5,16	NAN	
33,64	0,0555	5,15	NAN	
33,66	-0,015	5,15	NAN	
33,68	0,1365	5,14	NAN	
33,7	0,069	5,14	NAN	
33,72	0,0165	5,13	NAN	
33,74	0,0585	5,13	NAN	
33,76	0,069	5,125	NAN	
33,78	0,0735	5,125	NAN	
33,8	0,081	5,115	NAN	
33,82	0,165	5,11	NAN	
33,84	0,099	5,1	NAN	
33,86	-0,2205	5,105	NAN	
33,88	-0,0135	5,095	NAN	
33,9	-0,1005	5,09	NAN	
33,92	-0,0645	5,08	NAN	
33,94	-0,0075	5,085	NAN	
33,96	-0,1335	5,07	NAN	
33,98	-0,0345	5,075	NAN	
34	-0,009	5,06	NAN	
34,02	-0,0885	5,065	NAN	
34,04	-0,126	5,05	NAN	
34,06	-0,0315	5,05	NAN	
34,08	0,1185	5,04	NAN	
34,1	0,009	5,045	NAN	
34,12	-0,036	5,035	NAN	
34,14	-0,006	5,035	NAN	
34,16	0,141	5,03	NAN	
34,18	0,1005	5,025	NAN	
34,2	0,0285	5,015	NAN	
34,22	0,0975	5,015	NAN	
34,24	0,057	5,005	NAN	
34,26	0,114	5,005	NAN	
34,28	-0,036	4,99	NAN	
34,3	-0,0195	4,995	NAN	
34,32	-0,033	4,985	NAN	
34,34	-0,1005	4,985	NAN	
34,36	-0,066	4,98	NAN	
34,38	-0,15	4,98	NAN	
34,4	-0,1155	4,965	NAN	
34,42	-0,057	4,97	NAN	
34,44	-0,0735	4,955	NAN	
34,46	-0,033	4,96	NAN	
34,48	-0,066	4,95	NAN	
34,5	0,075	4,95	NAN	
34,52	0,0495	4,935	NAN	
34,54	0,0045	4,94	NAN	
34,56	-0,072	4,93	NAN	
34,58	0,042	4,93	NAN	
34,6	-0,0165	4,915	NAN	
34,62	0,0795	4,92	NAN	
34,64	0,0765	4,915	NAN	
34,66	0,081	4,91	NAN	
34,68	-0,006	4,905	NAN	
34,7	0,0975	4,895	NAN	
34,72	-0,126	4,89	NAN	
34,74	-0,183	4,895	NAN	
34,76	-0,111	4,88	NAN	
34,78	-0,087	4,885	NAN	
34,8	-0,054	4,875	NAN	
34,82	-0,1515	4,87	NAN	
34,84	-0,1695	4,86	NAN	
34,86	-0,204	4,86	NAN	
34,88	-0,1455	4,85	NAN	
34,9	-0,1365	4,85	NAN	
34,92	-0,0585	4,845	NAN	
34,94	-0,051	4,835	NAN	
34,96	0	4,835	NAN	
34,98	-0,096	4,835	NAN	
35	0,0585	4,82	NAN	
35,02	0,0045	4,825	NAN	
35,04	0,0045	4,815	NAN	
35,06	-0,0405	4,81	NAN	
35,08	0,0165	4,805	NAN	
35,1	0,0195	4,8	NAN	
35,12	-0,063	4,795	NAN	
35,14	-0,1725	4,795	NAN	
35,16	0	4,785	NAN	
35,18	-0,1155	4,78	NAN	
35,2	-0,1215	4,78	NAN	
35,22	-0,1005	4,77	NAN	
35,24	-0,1935	4,765	NAN	
35,26	-0,222	4,76	NAN	
35,28	-0,144	4,76	NAN	
35,3	-0,1815	4,75	NAN	
35,32	-0,195	4,745	NAN	
35,34	-0,1155	4,745	NAN	
35,36	-0,0135	4,755	NAN	
35,38	0,0195	4,73	NAN	
35,4	0,03	4,73	NAN	
35,42	-0,1005	4,725	NAN	
35,44	-0,072	4,72	NAN	
35,46	-0,033	4,715	NAN	
35,48	-0,0795	4,715	NAN	
35,5	0,0315	4,705	NAN	
35,52	0,042	4,7	NAN	
35,54	0,009	4,695	NAN	
35,56	-0,0615	4,7	NAN	
35,58	-0,171	4,685	NAN	
35,6	-0,1215	4,685	NAN	
35,62	-0,153	4,675	NAN	
35,64	-0,171	4,675	NAN	
35,66	-0,213	4,67	NAN	
35,68	-0,189	4,66	NAN	
35,7	-0,1485	4,655	NAN	
35,72	-0,2655	4,655	NAN	
35,74	-0,2505	4,65	NAN	
35,76	-0,207	4,645	NAN	
35,78	-0,0795	4,645	NAN	
35,8	-0,1215	4,635	NAN	
35,82	-0,1005	4,63	NAN	
35,84	-0,0915	4,63	NAN	
35,86	-0,159	4,62	NAN	
35,88	0,0165	4,615	NAN	
35,9	-0,0555	4,61	NAN	
35,92	-0,1035	4,61	NAN	
35,94	-0,0075	4,595	NAN	
35,96	-0,021	4,6	NAN	
35,98	-0,1485	4,59	NAN	
36	-0,201	4,59	NAN	
36,02	-0,0915	4,575	NAN	
36,04	-0,0885	4,58	NAN	
36,06	-0,117	4,57	NAN	
36,08	-0,273	4,57	NAN	
36,1	-0,3525	4,56	NAN	
36,12	-0,2565	4,56	NAN	
36,14	-0,222	4,55	NAN	
36,16	-0,2175	4,545	NAN	
36,18	-0,285	4,54	NAN	
36,2	-0,1185	4,535	NAN	
36,22	-0,156	4,53	NAN	
36,24	-0,1425	4,525	NAN	
36,26	-0,1755	4,52	NAN	
36,28	-0,084	4,52	NAN	
36,3	-0,1785	4,51	NAN	
36,32	-0,1605	4,51	NAN	
36,34	-0,075	4,5	NAN	
36,36	-0,0825	4,5	NAN	
36,38	-0,1905	4,495	NAN	
36,4	-0,1935	4,475	NAN	
36,42	-0,2535	4,48	NAN	
36,44	-0,147	4,48	NAN	
36,46	-0,231	4,47	NAN	
36,48	-0,18	4,47	NAN	
36,5	-0,195	4,46	NAN	
36,52	-0,156	4,46	NAN	
36,54	-0,312	4,45	NAN	
36,56	-0,348	4,45	NAN	
36,58	-0,369	4,435	NAN	
36,6	-0,4125	4,445	NAN	
36,62	-0,2415	4,43	NAN	
36,64	-0,18	4,43	NAN	
36,66	-0,1485	4,42	NAN	
36,68	-0,2445	4,42	NAN	
36,7	-0,189	4,41	NAN	
36,72	-0,0615	4,41	NAN	
36,74	-0,1275	4,395	NAN	
36,76	-0,1635	4,4	NAN	
36,78	-0,1755	4,385	NAN	
36,8	-0,291	4,385	NAN	
36,82	-0,2655	4,38	NAN	
36,84	-0,4515	4,38	NAN	
36,86	-0,282	4,365	NAN	
36,88	-0,363	4,365	NAN	
36,9	-0,3825	4,355	NAN	
36,92	-0,375	4,355	NAN	
36,94	-0,4215	4,345	NAN	
36,96	-0,3915	4,34	NAN	
36,98	-0,393	4,335	NAN	
37	-0,4185	4,345	NAN	
37,02	-0,471	4,325	NAN	
37,04	-0,4695	4,325	NAN	
37,06	-0,2475	4,315	NAN	
37,08	-0,2685	4,315	NAN	
37,1	-0,3495	4,305	NAN	
37,12	-0,33	4,305	NAN	
37,14	-0,315	4,295	NAN	
37,16	-0,2685	4,295	NAN	
37,18	-0,1845	4,285	NAN	
37,2	-0,294	4,285	NAN	
37,22	-0,276	4,275	NAN	
37,24	-0,312	4,275	NAN	
37,26	-0,2775	4,26	NAN	
37,28	-0,4215	4,265	NAN	
37,3	-0,4995	4,25	NAN	
37,32	-0,5025	4,25	NAN	
37,34	-0,4635	4,245	NAN	
37,36	-0,48	4,255	NAN	
37,38	-0,5655	4,225	NAN	
37,4	-0,5235	4,23	NAN	
37,42	-0,558	4,22	NAN	
37,44	-0,4305	4,22	NAN	
37,46	-0,585	4,205	NAN	
37,48	-0,537	4,205	NAN	
37,5	-0,4425	4,195	NAN	
37,52	-0,4335	4,195	NAN	
37,54	-0,4845	4,18	NAN	
37,56	-0,3885	4,19	NAN	
37,58	-0,4365	4,18	NAN	
37,6	-0,522	4,18	NAN	
37,62	-0,462	4,165	NAN	
37,64	-0,369	4,165	NAN	
37,66	-0,4455	4,155	NAN	
37,68	-0,4395	4,155	NAN	
37,7	-0,702	4,145	NAN	
37,72	-0,6495	4,15	NAN	
37,74	-0,684	4,135	NAN	
37,76	-0,6045	4,135	NAN	
37,78	-0,5565	4,125	NAN	
37,8	-0,603	4,125	NAN	
37,82	-0,711	4,11	NAN	
37,84	-0,714	4,115	NAN	
37,86	-0,765	4,1	NAN	
37,88	-0,7845	4,105	NAN	
37,9	-0,651	4,09	NAN	
37,92	-0,579	4,095	NAN	
37,94	-0,576	4,08	NAN	
37,96	-0,672	4,08	NAN	
37,98	-0,5655	4,07	NAN	
38	-0,5745	4,075	NAN	
38,02	-0,6495	4,065	NAN	
38,04	-0,6615	4,06	NAN	
38,06	-0,591	4,055	NAN	
38,08	-0,5925	4,05	NAN	
38,1	-0,7245	4,04	NAN	
38,12	-0,8775	4,04	NAN	
38,14	-0,8835	4,03	NAN	
38,16	-0,858	4,03	NAN	
38,18	-0,876	4,02	NAN	
38,2	-0,8985	4,02	NAN	
38,22	-0,9195	4,01	NAN	
38,24	-0,936	4,01	NAN	
38,26	-0,939	4	NAN	
38,28	-1,0815	4,005	NAN	
38,3	-0,9375	3,99	NAN	
38,32	-0,99	3,99	NAN	
38,34	-1,02	3,975	NAN	
38,36	-0,978	3,98	NAN	
38,38	-0,945	3,97	NAN	
38,4	-1,0005	3,97	NAN	
38,42	-0,9705	3,96	NAN	
38,44	-0,936	3,96	NAN	
38,46	-1,059	3,945	NAN	
38,48	-0,9345	3,95	NAN	
38,5	-0,9555	3,94	NAN	
38,52	-0,942	3,935	NAN	
38,54	-1,1805	3,935	NAN	
38,56	-1,179	3,925	NAN	
38,58	-1,158	3,92	NAN	
38,6	-1,233	3,91	NAN	
38,62	-1,2585	3,91	NAN	
38,64	-1,3035	3,905	NAN	
38,66	-1,2435	3,895	NAN	
38,68	-1,272	3,9	NAN	
38,7	-1,3845	3,89	NAN	
38,72	-1,371	3,885	NAN	
38,74	-1,4025	3,875	NAN	
38,76	-1,2105	3,875	NAN	
38,78	-1,3395	3,87	NAN	
38,8	-1,164	3,865	NAN	
38,82	-1,2825	3,86	NAN	
38,84	-1,314	3,85	NAN	
38,86	-1,269	3,85	NAN	
38,88	-1,2975	3,845	NAN	
38,9	-1,284	3,84	NAN	
38,92	-1,428	3,83	NAN	
38,94	-1,4055	3,83	NAN	
38,96	-1,437	3,82	NAN	
38,98	-1,6125	3,82	NAN	
39	-1,6575	3,815	NAN	
39,02	-1,515	3,805	NAN	
39,04	-1,503	3,805	NAN	
39,06	-1,545	3,795	NAN	
39,08	-1,662	3,79	NAN	
39,1	-1,5	3,785	NAN	
39,12	-1,614	3,78	NAN	
39,14	-1,6965	3,775	NAN	
39,16	-1,6605	3,765	NAN	
39,18	-1,626	3,76	NAN	
39,2	-1,5225	3,755	NAN	
39,22	-1,4745	3,755	NAN	
39,24	-1,5255	3,74	NAN	
39,26	-1,5045	3,74	NAN	
39,28	-1,569	3,735	NAN	
39,3	-1,4385	3,735	NAN	
39,32	-1,56	3,735	NAN	
39,34	-1,4565	3,72	NAN	
39,36	-1,329	3,715	NAN	
39,38	-1,4775	3,705	NAN	
39,4	-1,5495	3,7	NAN	
39,42	-1,7055	3,695	NAN	
39,44	-1,569	3,69	NAN	
39,46	-1,5555	3,685	NAN	
39,48	-1,491	3,675	NAN	
39,5	-1,587	3,67	NAN	
39,52	-1,4865	3,67	NAN	
39,54	-1,4085	3,66	NAN	
39,56	-1,4895	3,655	NAN	
39,58	-1,4055	3,65	NAN	
39,6	-1,434	3,64	NAN	
39,62	-1,3005	3,645	NAN	
39,64	-1,251	3,645	NAN	
39,66	-1,116	3,63	NAN	
39,68	-1,155	3,62	NAN	
39,7	-1,1475	3,615	NAN	
39,72	-1,1565	3,61	NAN	
39,74	-1,0725	3,605	NAN	
39,76	-1,101	3,6	NAN	
39,78	-1,0725	3,59	NAN	
39,8	-1,0095	3,585	NAN	
39,82	-0,9735	3,58	NAN	
39,84	-1,1595	3,575	NAN	
39,86	-1,1955	3,57	NAN	
39,88	-1,1145	3,565	NAN	
39,9	-0,9675	3,555	NAN	
39,92	-1,119	3,55	NAN	
39,94	-1,116	3,545	NAN	
39,96	-1,0035	3,54	NAN	
39,98	-1,0155	3,53	NAN	
40	-0,9435	3,525	NAN	
40,02	-0,9585	3,525	NAN	
40,04	-0,708	3,515	NAN	
40,06	-0,888	3,51	NAN	
40,08	-0,7635	3,505	NAN	
40,1	-0,768	3,495	NAN	
40,12	-0,819	3,495	NAN	
40,14	-0,636	3,485	NAN	
40,16	-0,6405	3,48	NAN	
40,18	-0,6525	3,475	NAN	
40,2	-0,6615	3,47	NAN	
40,22	-0,5715	3,46	NAN	
40,24	-0,702	3,455	NAN	
40,26	-0,7155	3,45	NAN	
40,28	-0,7755	3,445	NAN	
40,3	-0,798	3,435	NAN	
40,32	-0,7215	3,43	NAN	
40,34	-0,5925	3,425	NAN	
40,36	-0,705	3,415	NAN	
40,38	-0,69	3,41	NAN	
40,4	-0,657	3,4	NAN	
40,42	-0,642	3,4	NAN	
40,44	-0,615	3,395	NAN	
40,46	-0,423	3,385	NAN	
40,48	-0,48	3,38	NAN	
40,5	-0,3765	3,37	NAN	
40,52	-0,5205	3,37	NAN	
40,54	-0,471	3,365	NAN	
40,56	-0,4155	3,355	NAN	
40,58	-0,492	3,355	NAN	
40,6	-0,2745	3,345	NAN	
40,62	-0,4215	3,34	NAN	
40,64	-0,4365	3,33	NAN	
40,66	-0,42	3,325	NAN	
40,68	-0,552	3,315	NAN	
40,7	-0,5565	3,32	NAN	
40,72	-0,4845	3,31	NAN	
40,74	-0,4815	3,3	NAN	
40,76	-0,5205	3,295	NAN	
40,78	-0,465	3,29	NAN	
40,8	-0,4395	3,285	NAN	
40,82	-0,4815	3,275	NAN	
40,84	-0,489	3,27	NAN	
40,86	-0,549	3,26	NAN	
40,88	-0,462	3,26	NAN	
40,9	-0,486	3,25	NAN	
40,92	-0,3375	3,245	NAN	
40,94	-0,399	3,235	NAN	
40,96	-0,261	3,23	NAN	
40,98	-0,2265	3,225	NAN	
41	-0,219	3,215	NAN	
41,02	-0,231	3,215	NAN	
41,04	-0,1395	3,21	NAN	
41,06	-0,192	3,195	NAN	
41,08	-0,339	3,195	NAN	
41,1	-0,3105	3,19	NAN	
41,12	-0,528	3,18	NAN	
41,14	-0,393	3,175	NAN	
41,16	-0,2895	3,175	NAN	
41,18	-0,378	3,16	NAN	
41,2	-0,4815	3,16	NAN	
41,22	-0,2835	3,15	NAN	
41,24	-0,4395	3,15	NAN	
41,26	-0,2805	3,14	NAN	
41,28	-0,3465	3,135	NAN	
41,3	-0,3075	3,13	NAN	
41,32	-0,282	3,125	NAN	
41,34	-0,2925	3,115	NAN	
41,36	-0,204	3,11	NAN	
41,38	-0,189	3,1	NAN	
41,4	-0,0345	3,1	NAN	
41,42	0,0015	3,095	NAN	
41,44	-0,102	3,085	NAN	
41,46	-0,072	3,085	NAN	
41,48	-0,0495	3,07	NAN	
41,5	0,0375	3,065	NAN	
41,52	-0,0825	3,06	NAN	
41,54	-0,144	3,055	NAN	
41,56	-0,1965	3,045	NAN	
41,58	-0,075	3,045	NAN	
41,6	-0,1965	3,035	NAN	
41,62	-0,1215	3,03	NAN	
41,64	-0,312	3,025	NAN	
41,66	-0,207	3,015	NAN	
41,68	-0,222	3,015	NAN	
41,7	-0,2055	3	NAN	
41,72	-0,231	3	NAN	
41,74	-0,0915	2,99	NAN	
41,76	-0,0915	2,985	NAN	
41,78	-0,042	2,975	NAN	
41,8	-0,0375	2,975	NAN	
41,82	-0,0375	2,96	NAN	
41,84	-0,066	2,965	NAN	
41,86	-0,0045	2,95	NAN	
41,88	-0,0495	2,95	NAN	
41,9	0,0585	2,94	NAN	
41,92	-0,015	2,935	NAN	
41,94	0,0645	2,925	NAN	
41,96	-0,0765	2,925	NAN	
41,98	-0,1815	2,91	NAN	
42	-0,2805	2,91	NAN	
42,02	-0,1305	2,905	NAN	
42,04	-0,0735	2,9	NAN	
42,06	-0,1935	2,89	NAN	
42,08	-0,2265	2,885	NAN	
42,1	-0,1395	2,88	NAN	
42,12	-0,219	2,875	NAN	
42,14	-0,228	2,865	NAN	
42,16	-0,141	2,865	NAN	
42,18	0,042	2,85	NAN	
42,2	0,0315	2,85	NAN	
42,22	0,0225	2,84	NAN	
42,24	-0,0375	2,84	NAN	
42,26	-0,0225	2,825	NAN	
42,28	0,0075	2,825	NAN	
42,3	-0,0075	2,815	NAN	
42,32	0,006	2,815	NAN	
42,34	0,087	2,805	NAN	
42,36	0,0465	2,795	NAN	
42,38	-0,06	2,79	NAN	
42,4	-0,09	2,785	NAN	
42,42	-0,132	2,775	NAN	
42,44	-0,132	2,77	NAN	
42,46	-0,1335	2,765	NAN	
42,48	-0,0765	2,76	NAN	
42,5	-0,126	2,75	NAN	
42,52	-0,1275	2,745	NAN	
42,54	-0,0855	2,735	NAN	
42,56	-0,1485	2,735	NAN	
42,58	-0,1035	2,72	NAN	
42,6	-0,036	2,72	NAN	
42,62	0,0435	2,71	NAN	
42,64	-0,024	2,705	NAN	
42,66	0,072	2,695	NAN	
42,68	0,0465	2,695	NAN	
42,7	0,0885	2,685	NAN	
42,72	0,099	2,685	NAN	
42,74	0,072	2,675	NAN	
42,76	0,0975	2,67	NAN	
42,78	0,0645	2,665	NAN	
42,8	0,0435	2,66	NAN	
42,82	-0,0735	2,65	NAN	
42,84	-0,006	2,645	NAN	
42,86	-0,0465	2,635	NAN	
42,88	-0,057	2,635	NAN	
42,9	0,0285	2,62	NAN	
42,92	-0,0195	2,615	NAN	
42,94	-0,0825	2,605	NAN	
42,96	-0,099	2,605	NAN	
42,98	0,048	2,59	NAN	
43	0,009	2,59	NAN	
43,02	0,1755	2,58	NAN	
43,04	0,1785	2,58	NAN	
43,06	0,1725	2,57	NAN	
43,08	0,171	2,565	NAN	
43,1	0,1065	2,55	NAN	
43,12	0,0825	2,555	NAN	
43,14	0,102	2,54	NAN	
43,16	0,186	2,54	NAN	
43,18	0,0915	2,53	NAN	
43,2	0,096	2,53	NAN	
43,22	0,1425	2,52	NAN	
43,24	0,126	2,51	NAN	
43,26	0,0195	2,5	NAN	
43,28	0,0525	2,5	NAN	
43,3	-0,018	2,49	NAN	
43,32	0,0045	2,485	NAN	
43,34	0,021	2,47	NAN	
43,36	-0,045	2,475	NAN	
43,38	0,1125	2,46	NAN	
43,4	-0,0615	2,465	NAN	
43,42	-0,0885	2,445	NAN	
43,44	0,1545	2,45	NAN	
43,46	0,267	2,435	NAN	
43,48	0,2025	2,435	NAN	
43,5	0,189	2,42	NAN	
43,52	0,1755	2,42	NAN	
43,54	0,126	2,405	NAN	
43,56	0,2115	2,41	NAN	
43,58	0,174	2,4	NAN	
43,6	0,2715	2,395	NAN	
43,62	0,189	2,385	NAN	
43,64	0,261	2,38	NAN	
43,66	0,0825	2,37	NAN	
43,68	0,051	2,37	NAN	
43,7	0,072	2,355	NAN	
43,72	0,042	2,355	NAN	
43,74	0,087	2,34	NAN	
43,76	-0,039	2,34	NAN	
43,78	-0,051	2,325	NAN	
43,8	0,057	2,33	NAN	
43,82	0,0615	2,315	NAN	
43,84	0,0465	2,31	NAN	
43,86	0,093	2,3	NAN	
43,88	0,144	2,295	NAN	
43,9	0,1275	2,285	NAN	
43,92	0,1935	2,285	NAN	
43,94	0,195	2,27	NAN	
43,96	0,213	2,275	NAN	
43,98	0,2385	2,26	NAN	
44	0,213	2,26	NAN	
44,02	0,207	2,25	NAN	
44,04	0,2685	2,245	NAN	
44,06	0,2625	2,23	NAN	
44,08	0,099	2,23	NAN	
44,1	0,0945	2,22	NAN	
44,12	0,111	2,22	NAN	
44,14	0,093	2,205	NAN	
44,16	0,177	2,205	NAN	
44,18	0,1785	2,19	NAN	
44,2	-0,0165	2,19	NAN	
44,22	0,0405	2,18	NAN	
44,24	0,0915	2,175	NAN	
44,26	0,066	2,165	NAN	
44,28	0,105	2,155	NAN	
44,3	0,2115	2,15	NAN	
44,32	0,2535	2,145	NAN	
44,34	0,2115	2,135	NAN	
44,36	0,1965	2,135	NAN	
44,38	0,237	2,12	NAN	
44,4	0,276	2,12	NAN	
44,42	0,2745	2,11	NAN	
44,44	0,3525	2,105	NAN	
44,46	0,216	2,095	NAN	
44,48	0,243	2,09	NAN	
44,5	0,243	2,085	NAN	
44,52	0,1065	2,08	NAN	
44,54	0,087	2,07	NAN	
44,56	0,228	2,07	NAN	
44,58	0,2565	2,05	NAN	
44,6	0,1575	2,05	NAN	
44,62	0,087	2,04	NAN	
44,64	0,069	2,04	NAN	
44,66	0,0915	2,03	NAN	
44,68	0,1425	2,025	NAN	
44,7	0,1275	2,015	NAN	
44,72	0,237	2,015	NAN	
44,74	0,264	2	NAN	
44,76	0,1635	2	NAN	
44,78	0,252	1,99	NAN	
44,8	0,2925	1,98	NAN	
44,82	0,3255	1,975	NAN	
44,84	0,339	1,97	NAN	
44,86	0,3495	1,96	NAN	
44,88	0,354	1,955	NAN	
44,9	0,3525	1,95	NAN	
44,92	0,285	1,94	NAN	
44,94	0,345	1,935	NAN	
44,96	0,204	1,93	NAN	
44,98	0,237	1,92	NAN	
45	0,186	1,915	NAN	
45,02	0,1065	1,91	NAN	
45,04	0,231	1,895	NAN	
45,06	0,2385	1,895	NAN	
45,08	0,2685	1,885	NAN	
45,1	0,174	1,88	NAN	
45,12	0,204	1,875	NAN	
45,14	0,2835	1,87	NAN	
45,16	0,312	1,855	NAN	
45,18	0,315	1,86	NAN	
45,2	0,2865	1,845	NAN	
45,22	0,3645	1,845	NAN	
45,24	0,33	1,83	NAN	
45,26	0,39	1,83	NAN	
45,28	0,3795	1,825	NAN	
45,3	0,378	1,815	NAN	
45,32	0,426	1,81	NAN	
45,34	0,393	1,8	NAN	
45,36	0,297	1,79	NAN	
45,38	0,2535	1,79	NAN	
45,4	0,21	1,78	NAN	
45,42	0,2445	1,775	NAN	
45,44	0,288	1,765	NAN	
45,46	0,264	1,765	NAN	
45,48	0,1515	1,75	NAN	
45,5	0,1935	1,75	NAN	
45,52	0,153	1,735	NAN	
45,54	0,1125	1,74	NAN	
45,56	0,24	1,725	NAN	
45,58	0,318	1,72	NAN	
45,6	0,282	1,71	NAN	
45,62	0,384	1,71	NAN	
45,64	0,333	1,7	NAN	
45,66	0,3045	1,7	NAN	
45,68	0,5055	1,69	NAN	
45,7	0,399	1,685	NAN	
45,72	0,357	1,675	NAN	
45,74	0,3105	1,675	NAN	
45,76	0,411	1,66	NAN	
45,78	0,408	1,66	NAN	
45,8	0,135	1,645	NAN	
45,82	0,252	1,65	NAN	
45,84	0,183	1,64	NAN	
45,86	0,2475	1,635	NAN	
45,88	0,2925	1,62	NAN	
45,9	0,201	1,625	NAN	
45,92	0,1755	1,605	NAN	
45,94	0,165	1,61	NAN	
45,96	0,1485	1,6	NAN	
45,98	0,174	1,595	NAN	
46	0,3615	1,58	NAN	
46,02	0,3165	1,585	NAN	
46,04	0,3765	1,575	NAN	
46,06	0,345	1,57	NAN	
46,08	0,2355	1,565	NAN	
46,1	0,378	1,56	NAN	
46,12	0,3675	1,545	NAN	
46,14	0,39	1,545	NAN	
46,16	0,372	1,535	NAN	
46,18	0,3105	1,535	NAN	
46,2	0,357	1,52	NAN	
46,22	0,2715	1,52	NAN	
46,24	0,258	1,51	NAN	
46,26	0,207	1,51	NAN	
46,28	0,249	1,495	NAN	
46,3	0,126	1,5	NAN	
46,32	0,186	1,48	NAN	
46,34	0,2265	1,485	NAN	
46,36	0,2025	1,47	NAN	
46,38	0,294	1,47	NAN	
46,4	0,1785	1,46	NAN	
46,42	0,2295	1,455	NAN	
46,44	0,36	1,445	NAN	
46,46	0,468	1,445	NAN	
46,48	0,36	1,435	NAN	
46,5	0,4755	1,43	NAN	
46,52	0,3645	1,425	NAN	
46,54	0,399	1,425	NAN	
46,56	0,42	1,41	NAN	
46,58	0,3645	1,41	NAN	
46,6	0,36	1,4	NAN	
46,62	0,423	1,4	NAN	
46,64	0,3435	1,385	NAN	
46,66	0,3075	1,38	NAN	
46,68	0,273	1,375	NAN	
46,7	0,186	1,37	NAN	
46,72	0,276	1,365	NAN	
46,74	0,2955	1,355	NAN	
46,76	0,2175	1,345	NAN	
46,78	0,276	1,345	NAN	
46,8	0,261	1,33	NAN	
46,82	0,255	1,33	NAN	
46,84	0,192	1,325	NAN	
46,86	0,378	1,32	NAN	
46,88	0,405	1,31	NAN	
46,9	0,2805	1,305	NAN	
46,92	0,366	1,3	NAN	
46,94	0,3825	1,295	NAN	
46,96	0,3765	1,285	NAN	
46,98	0,4245	1,285	NAN	
47	0,453	1,275	NAN	
47,02	0,3945	1,27	NAN	
47,04	0,372	1,26	NAN	
47,06	0,3795	1,26	NAN	
47,08	0,2835	1,255	NAN	
47,1	0,2625	1,245	NAN	
47,12	0,3045	1,24	NAN	
47,14	0,297	1,23	NAN	
47,16	0,276	1,23	NAN	
47,18	0,1815	1,22	NAN	
47,2	0,2475	1,215	NAN	
47,22	0,2655	1,21	NAN	
47,24	0,2595	1,205	NAN	
47,26	0,2745	1,2	NAN	
47,28	0,36	1,19	NAN	
47,3	0,381	1,185	NAN	
47,32	0,3645	1,18	NAN	
47,34	0,4305	1,175	NAN	
47,36	0,381	1,17	NAN	
47,38	0,369	1,165	NAN	
47,4	0,435	1,155	NAN	
47,42	0,4905	1,15	NAN	
47,44	0,477	1,145	NAN	
47,46	0,4155	1,14	NAN	
47,48	0,369	1,13	NAN	
47,5	0,3705	1,13	NAN	
47,52	0,3225	1,12	NAN	
47,54	0,345	1,115	NAN	
47,56	0,3675	1,11	NAN	
47,58	0,3165	1,105	NAN	
47,6	0,2565	1,1	NAN	
47,62	0,2115	1,09	NAN	
47,64	0,2415	1,09	NAN	
47,66	0,2955	1,08	NAN	
47,68	0,264	1,075	NAN	
47,7	0,2925	1,07	NAN	
47,72	0,4215	1,065	NAN	
47,74	0,396	1,06	NAN	
47,76	0,39	1,055	NAN	
47,78	0,327	1,045	NAN	
47,8	0,4725	1,045	NAN	
47,82	0,3075	1,035	NAN	
47,84	0,3615	1,035	NAN	
47,86	0,4575	1,03	NAN	
47,88	0,4245	1,02	NAN	
47,9	0,5055	1,01	NAN	
47,92	0,3465	1,01	NAN	
47,94	0,234	1	NAN	
47,96	0,324	1	NAN	
47,98	0,309	0,995	NAN	
48	0,3165	0,99	NAN	
48,02	0,3225	0,98	NAN	
48,04	0,2805	0,985	NAN	
48,06	0,267	0,97	NAN	
48,08	0,282	0,97	NAN	
48,1	0,2685	0,955	NAN	
48,12	0,348	0,96	NAN	
48,14	0,435	0,95	NAN	
48,16	0,3615	0,95	NAN	
48,18	0,3675	0,94	NAN	
48,2	0,4065	0,94	NAN	
48,22	0,378	0,93	NAN	
48,24	0,4335	0,935	NAN	
48,26	0,3885	0,92	NAN	
48,28	0,4245	0,925	NAN	
48,3	0,5025	0,91	NAN	
48,32	0,4785	0,91	NAN	
48,34	0,3465	0,905	NAN	
48,36	0,267	0,9	NAN	
48,38	0,3975	0,89	NAN	
48,4	0,366	0,89	NAN	
48,42	0,2625	0,875	NAN	
48,44	0,321	0,885	NAN	
48,46	0,2985	0,875	NAN	
48,48	0,4005	0,875	NAN	
48,5	0,3	0,865	NAN	
48,52	0,252	0,865	NAN	
48,54	0,264	0,86	NAN	
48,56	0,288	0,855	NAN	
48,58	0,369	0,845	NAN	
48,6	0,339	0,845	NAN	
48,62	0,429	0,835	NAN	
48,64	0,3705	0,835	NAN	
48,66	0,456	0,83	NAN	
48,68	0,501	0,83	NAN	
48,7	0,489	0,82	NAN	
48,72	0,486	0,815	NAN	
48,74	0,4665	0,81	NAN	
48,76	0,3915	0,805	NAN	
48,78	0,309	0,8	NAN	
48,8	0,273	0,795	NAN	
48,82	0,285	0,79	NAN	
48,84	0,4185	0,79	NAN	
48,86	0,3465	0,785	NAN	
48,88	0,3015	0,785	NAN	
48,9	0,255	0,775	NAN	
48,92	0,2805	0,775	NAN	
48,94	0,2835	0,765	NAN	
48,96	0,2745	0,765	NAN	
48,98	0,4125	0,755	NAN	
49	0,3405	0,755	NAN	
49,02	0,3795	0,745	NAN	
49,04	0,456	0,75	NAN	
49,06	0,381	0,74	NAN	
49,08	0,381	0,74	NAN	
49,1	0,4935	0,735	NAN	
49,12	0,3915	0,735	NAN	
49,14	0,414	0,73	NAN
