MIN=0	-3	-10	0	
MAX=160	3	10	25	
SCALE=50	1	5	10	
DEC=2	3	2	3	
DEF="Zeit" t / s	"Spannung" U_A1 / V	"Spannung" U_B1 / V	"Frequenz" f / Hz	
0	0,1665	4,345	NAN	
0,02	0,228	4,35	NAN	
0,04	0,1455	4,34	NAN	
0,06	0,1125	4,335	NAN	
0,08	0,105	4,335	NAN	
0,1	0,1335	4,33	NAN	
0,12	0,087	4,325	NAN	
0,14	0,0825	4,325	NAN	
0,16	-0,0135	4,315	NAN	
0,18	0,1305	4,31	NAN	
0,2	0,0255	4,31	NAN	
0,22	0,1215	4,29	NAN	
0,24	0,1335	4,295	NAN	
0,26	0,1545	4,295	NAN	
0,28	0,0705	4,285	NAN	
0,3	0,027	4,29	NAN	
0,32	0,0915	4,275	NAN	
0,34	0,036	4,275	NAN	
0,36	-0,003	4,27	NAN	
0,38	0,1275	4,26	NAN	
0,4	0,201	4,255	NAN	
0,42	0,258	4,255	NAN	
0,44	0,1785	4,245	NAN	
0,46	0,15	4,245	NAN	
0,48	0,222	4,24	NAN	
0,5	0,1665	4,23	NAN	
0,52	0,099	4,235	NAN	
0,54	0,2385	4,225	NAN	
0,56	0,0465	4,215	NAN	
0,58	0,045	4,22	NAN	
0,6	0,1605	4,21	NAN	
0,62	0,0435	4,205	NAN	
0,64	0,1275	4,205	NAN	
0,66	0,078	4,2	NAN	
0,68	0,1365	4,185	NAN	
0,7	0,1035	4,185	NAN	
0,72	0,2235	4,18	NAN	
0,74	0,2835	4,17	NAN	
0,76	0,312	4,175	NAN	
0,78	0,2055	4,17	NAN	
0,8	0,171	4,16	NAN	
0,82	0,1005	4,155	NAN	
0,84	0,0825	4,155	NAN	
0,86	0,075	4,145	NAN	
0,88	-0,015	4,145	NAN	
0,9	0,087	4,14	NAN	
0,92	0,096	4,13	NAN	
0,94	0,0855	4,13	NAN	
0,96	0,1215	4,125	NAN	
0,98	0,132	4,115	NAN	
1	0,126	4,115	NAN	
1,02	0,165	4,11	NAN	
1,04	0,2355	4,1	NAN	
1,06	0,1695	4,1	NAN	
1,08	0,1665	4,095	NAN	
1,1	0,066	4,085	NAN	
1,12	0,099	4,085	NAN	
1,14	0,2385	4,075	NAN	
1,16	0,171	4,07	NAN	
1,18	0,069	4,085	NAN	
1,2	0,2655	4,065	NAN	
1,22	0,2385	4,06	NAN	
1,24	0,138	4,06	NAN	
1,26	0,2235	4,045	NAN	
1,28	0,192	4,045	NAN	
1,3	0,1485	4,045	NAN	
1,32	0,075	4,03	NAN	
1,34	0,195	4,035	NAN	
1,36	0,159	4,025	NAN	
1,38	0,138	4,025	NAN	
1,4	0,1575	4,015	NAN	
1,42	0,0765	4,01	NAN	
1,44	0,1005	4,005	NAN	
1,46	0,1095	4,005	NAN	
1,48	0,2325	3,995	NAN	
1,5	0,2685	3,995	NAN	
1,52	0,1905	3,99	NAN	
1,54	0,1515	3,975	NAN	
1,56	0,138	3,98	NAN	
1,58	0,066	3,975	NAN	
1,6	0,1515	3,97	NAN	
1,62	0,1245	3,97	NAN	
1,64	0,1785	3,96	NAN	
1,66	0,1455	3,96	NAN	
1,68	0,1815	3,955	NAN	
1,7	0,129	3,94	NAN	
1,72	0,1185	3,945	NAN	
1,74	0,1575	3,94	NAN	
1,76	0,108	3,93	NAN	
1,78	0,162	3,93	NAN	
1,8	0,1065	3,925	NAN	
1,82	0,1395	3,92	NAN	
1,84	0,0855	3,92	NAN	
1,86	0,1155	3,91	NAN	
1,88	0,075	3,91	NAN	
1,9	0,12	3,905	NAN	
1,92	0,129	3,895	NAN	
1,94	0,2325	3,89	NAN	
1,96	0,1275	3,89	NAN	
1,98	0,1095	3,88	NAN	
2	0,1335	3,88	NAN	
2,02	0,1335	3,875	NAN	
2,04	0,1215	3,87	NAN	
2,06	0,183	3,87	NAN	
2,08	0,069	3,865	NAN	
2,1	0,1365	3,87	NAN	
2,12	0,117	3,855	NAN	
2,14	0,1545	3,845	NAN	
2,16	0,2205	3,845	NAN	
2,18	0,141	3,845	NAN	
2,2	0,1695	3,83	NAN	
2,22	0,1035	3,835	NAN	
2,24	0,198	3,83	NAN	
2,26	0,138	3,825	NAN	
2,28	0,111	3,82	NAN	
2,3	0,1515	3,82	NAN	
2,32	0,1905	3,81	NAN	
2,34	0,219	3,81	NAN	
2,36	0,2085	3,8	NAN	
2,38	0,183	3,8	NAN	
2,4	0,2235	3,8	NAN	
2,42	0,2835	3,785	NAN	
2,44	0,219	3,785	NAN	
2,46	0,1965	3,785	NAN	
2,48	0,1995	3,775	NAN	
2,5	0,081	3,775	NAN	
2,52	0,147	3,77	NAN	
2,54	0,168	3,765	NAN	
2,56	0,2115	3,76	NAN	
2,58	0,222	3,755	NAN	
2,6	0,2145	3,75	NAN	
2,62	0,1665	3,75	NAN	
2,64	0,1605	3,74	NAN	
2,66	0,117	3,74	NAN	
2,68	0,153	3,735	NAN	
2,7	0,159	3,73	NAN	
2,72	0,207	3,73	NAN	
2,74	0,1515	3,725	NAN	
2,76	0,1365	3,715	NAN	
2,78	0,2325	3,72	NAN	
2,8	0,228	3,71	NAN	
2,82	0,132	3,71	NAN	
2,84	0,3075	3,7	NAN	
2,86	0,2085	3,695	NAN	
2,88	0,1755	3,69	NAN	
2,9	0,204	3,695	NAN	
2,92	0,1395	3,685	NAN	
2,94	0,0915	3,69	NAN	
2,96	0,1485	3,68	NAN	
2,98	0,165	3,675	NAN	
3	0,159	3,675	NAN	
3,02	0,1455	3,66	NAN	
3,04	0,1605	3,665	NAN	
3,06	0,1425	3,66	NAN	
3,08	0,1905	3,65	NAN	
3,1	0,2385	3,66	NAN	
3,12	0,1275	3,65	NAN	
3,14	0,2595	3,64	NAN	
3,16	0,0765	3,645	NAN	
3,18	0,183	3,635	NAN	
3,2	0,1545	3,63	NAN	
3,22	0,1545	3,625	NAN	
3,24	0,1185	3,62	NAN	
3,26	0,0405	3,62	NAN	
3,28	0,138	3,62	NAN	
3,3	0,2055	3,61	NAN	
3,32	0,0735	3,61	NAN	
3,34	0,2235	3,61	NAN	
3,36	0,15	3,595	NAN	
3,38	0,063	3,6	NAN	
3,4	0,2115	3,595	NAN	
3,42	0,1605	3,585	NAN	
3,44	0,195	3,59	NAN	
3,46	0,2085	3,575	NAN	
3,48	0,1155	3,58	NAN	
3,5	0,2835	3,575	NAN	
3,52	0,1545	3,565	NAN	
3,54	0,1275	3,57	NAN	
3,56	0,1065	3,565	NAN	
3,58	0,1185	3,555	NAN	
3,6	0,189	3,56	NAN	
3,62	0,2235	3,545	NAN	
3,64	0,168	3,545	NAN	
3,66	0,171	3,545	NAN	
3,68	0,1485	3,535	NAN	
3,7	0,105	3,535	NAN	
3,72	0,057	3,54	NAN	
3,74	0,2205	3,525	NAN	
3,76	0,1305	3,525	NAN	
3,78	0,096	3,52	NAN	
3,8	0,2085	3,515	NAN	
3,82	0,138	3,51	NAN	
3,84	0,1575	3,505	NAN	
3,86	0,21	3,505	NAN	
3,88	0,15	3,51	NAN	
3,9	0,183	3,49	NAN	
3,92	0,1545	3,49	NAN	
3,94	0,2235	3,49	NAN	
3,96	0,1515	3,48	NAN	
3,98	0,1455	3,48	NAN	
4	0,1515	3,475	NAN	
4,02	0,1935	3,47	NAN	
4,04	0,1395	3,47	NAN	
4,06	0,069	3,46	NAN	
4,08	0,216	3,455	NAN	
4,1	0,1605	3,455	NAN	
4,12	0,204	3,45	NAN	
4,14	0,2025	3,45	NAN	
4,16	0,2325	3,445	NAN	
4,18	0,0735	3,435	NAN	
4,2	0,0795	3,435	NAN	
4,22	0,189	3,435	NAN	
4,24	0,1185	3,425	NAN	
4,26	0,285	3,43	NAN	
4,28	0,2085	3,415	NAN	
4,3	0,279	3,42	NAN	
4,32	0,1605	3,415	NAN	
4,34	0,1065	3,405	NAN	
4,36	0,0705	3,405	NAN	
4,38	0,108	3,405	NAN	
4,4	0,2235	3,395	NAN	
4,42	0,1815	3,395	NAN	
4,44	0,1005	3,385	NAN	
4,46	0,0855	3,385	NAN	
4,48	0,228	3,38	NAN	
4,5	0,156	3,375	NAN	
4,52	0,1665	3,37	NAN	
4,54	0,2085	3,37	NAN	
4,56	0,216	3,36	NAN	
4,58	0,186	3,36	NAN	
4,6	0,1635	3,36	NAN	
4,62	0,0555	3,35	NAN	
4,64	0,0675	3,35	NAN	
4,66	0,156	3,345	NAN	
4,68	0,2685	3,335	NAN	
4,7	0,201	3,34	NAN	
4,72	0,096	3,325	NAN	
4,74	0,156	3,325	NAN	
4,76	0,069	3,33	NAN	
4,78	0,1755	3,31	NAN	
4,8	0,186	3,315	NAN	
4,82	0,1785	3,31	NAN	
4,84	0,129	3,305	NAN	
4,86	0,2595	3,3	NAN	
4,88	0,297	3,295	NAN	
4,9	0,081	3,29	NAN	
4,92	0,1065	3,285	NAN	
4,94	0,1755	3,28	NAN	
4,96	0,144	3,275	NAN	
4,98	0,1695	3,28	NAN	
5	0,1515	3,265	NAN	
5,02	0,087	3,27	NAN	
5,04	0,0675	3,265	NAN	
5,06	0,1665	3,25	NAN	
5,08	0,1935	3,255	NAN	
5,1	0,2535	3,25	NAN	
5,12	0,249	3,24	NAN	
5,14	0,1695	3,24	NAN	
5,16	0,177	3,23	NAN	
5,18	0,162	3,23	NAN	
5,2	0,2055	3,225	NAN	
5,22	0,2205	3,215	NAN	
5,24	0,2445	3,22	NAN	
5,26	0,213	3,22	NAN	
5,28	0,156	3,21	NAN	
5,3	0,0945	3,215	NAN	
5,32	0,2205	3,2	NAN	
5,34	0,1245	3,195	NAN	
5,36	0,129	3,195	NAN	
5,38	0,1935	3,19	NAN	
5,4	0,18	3,185	NAN	
5,42	0,111	3,18	NAN	
5,44	0,1845	3,17	NAN	
5,46	0,1785	3,17	NAN	
5,48	0,1455	3,17	NAN	
5,5	0,189	3,16	NAN	
5,52	0,105	3,16	NAN	
5,54	0,1155	3,15	NAN	
5,56	0,195	3,145	NAN	
5,58	0,1305	3,145	NAN	
5,6	0,144	3,135	NAN	
5,62	0,0135	3,135	NAN	
5,64	0,216	3,13	NAN	
5,66	0,117	3,125	NAN	
5,68	0,1755	3,12	NAN	
5,7	0,1395	3,12	NAN	
5,72	0,0855	3,11	NAN	
5,74	0,1785	3,11	NAN	
5,76	0,18	3,1	NAN	
5,78	0,2025	3,095	NAN	
5,8	0,2565	3,095	NAN	
5,82	0,1725	3,085	NAN	
5,84	0,165	3,085	NAN	
5,86	0,081	3,085	NAN	
5,88	0,057	3,07	NAN	
5,9	0,126	3,07	NAN	
5,92	0,2805	3,065	NAN	
5,94	0,21	3,06	NAN	
5,96	0,1815	3,065	NAN	
5,98	0,0585	3,05	NAN	
6	0,156	3,05	NAN	
6,02	0,099	3,045	NAN	
6,04	0,15	3,04	NAN	
6,06	0,1455	3,045	NAN	
6,08	0,168	3,04	NAN	
6,1	0,1575	3,03	NAN	
6,12	0,0495	3,025	NAN	
6,14	0,0855	3,02	NAN	
6,16	0,0585	3,015	NAN	
6,18	0,2565	3,015	NAN	
6,2	0,1665	3,01	NAN	
6,22	0,1095	3,005	NAN	
6,24	0,1965	3,005	NAN	
6,26	0,0975	2,99	NAN	
6,28	0,0585	2,995	NAN	
6,3	0,144	2,99	NAN	
6,32	0,123	2,985	NAN	
6,34	0,192	2,98	NAN	
6,36	0,192	2,98	NAN	
6,38	0,189	2,97	NAN	
6,4	0,2655	2,97	NAN	
6,42	0,294	2,955	NAN	
6,44	0,2895	2,965	NAN	
6,46	0,1245	2,95	NAN	
6,48	0,3135	2,94	NAN	
6,5	0,1545	2,95	NAN	
6,52	0,003	2,945	NAN	
6,54	0,141	2,935	NAN	
6,56	0,072	2,935	NAN	
6,58	0,099	2,93	NAN	
6,6	0,1395	2,925	NAN	
6,62	0,192	2,925	NAN	
6,64	0,2625	2,915	NAN	
6,66	0,2565	2,915	NAN	
6,68	0,1545	2,91	NAN	
6,7	0,2355	2,9	NAN	
6,72	0,1125	2,9	NAN	
6,74	0,153	2,895	NAN	
6,76	0,21	2,89	NAN	
6,78	0,2355	2,89	NAN	
6,8	0,2445	2,88	NAN	
6,82	0,0525	2,875	NAN	
6,84	0,219	2,875	NAN	
6,86	0,24	2,86	NAN	
6,88	0,1005	2,865	NAN	
6,9	0,1545	2,86	NAN	
6,92	0,165	2,855	NAN	
6,94	0,069	2,855	NAN	
6,96	0,102	2,85	NAN	
6,98	0,231	2,84	NAN	
7	0,1785	2,84	NAN	
7,02	0,2565	2,83	NAN	
7,04	0,1695	2,83	NAN	
7,06	0,1605	2,825	NAN	
7,08	0,1005	2,815	NAN	
7,1	0,0885	2,815	NAN	
7,12	0,0615	2,81	NAN	
7,14	0,108	2,8	NAN	
7,16	0,039	2,81	NAN	
7,18	0,1725	2,79	NAN	
7,2	0,0465	2,795	NAN	
7,22	0,117	2,785	NAN	
7,24	0,0855	2,775	NAN	
7,26	0,2085	2,775	NAN	
7,28	0,0855	2,775	NAN	
7,3	0,2055	2,765	NAN	
7,32	0,1365	2,765	NAN	
7,34	0,2235	2,76	NAN	
7,36	0,0615	2,755	NAN	
7,38	0,3105	2,75	NAN	
7,4	0,27	2,745	NAN	
7,42	0,1275	2,74	NAN	
7,44	0,21	2,74	NAN	
7,46	0,1095	2,725	NAN	
7,48	0,1515	2,73	NAN	
7,5	0,0945	2,725	NAN	
7,52	0,2055	2,71	NAN	
7,54	0,0255	2,715	NAN	
7,56	0,0525	2,71	NAN	
7,58	-0,0405	2,7	NAN	
7,6	0,1365	2,7	NAN	
7,62	0,0795	2,695	NAN	
7,64	0,159	2,685	NAN	
7,66	0,156	2,685	NAN	
7,68	0,0675	2,67	NAN	
7,7	0,126	2,675	NAN	
7,72	0,234	2,675	NAN	
7,74	0,096	2,66	NAN	
7,76	0,2115	2,66	NAN	
7,78	0,087	2,655	NAN	
7,8	0,144	2,65	NAN	
7,82	0,183	2,645	NAN	
7,84	0,1305	2,635	NAN	
7,86	0,1965	2,63	NAN	
7,88	0,1035	2,63	NAN	
7,9	0,111	2,62	NAN	
7,92	0,138	2,615	NAN	
7,94	0,0165	2,615	NAN	
7,96	0,0135	2,605	NAN	
7,98	0,252	2,605	NAN	
8	0,1935	2,6	NAN	
8,02	0,0555	2,59	NAN	
8,04	-0,018	2,59	NAN	
8,06	0,1485	2,58	NAN	
8,08	0,2385	2,575	NAN	
8,1	0,1095	2,575	NAN	
8,12	0,135	2,565	NAN	
8,14	0,138	2,56	NAN	
8,16	0,255	2,565	NAN	
8,18	0,1755	2,55	NAN	
8,2	0,1365	2,55	NAN	
8,22	-0,021	2,545	NAN	
8,24	0,219	2,535	NAN	
8,26	0,123	2,535	NAN	
8,28	0,096	2,53	NAN	
8,3	0,1275	2,525	NAN	
8,32	0,105	2,52	NAN	
8,34	0,231	2,515	NAN	
8,36	0,234	2,51	NAN	
8,38	0,153	2,51	NAN	
8,4	0,105	2,49	NAN	
8,42	0,1365	2,495	NAN	
8,44	0,1635	2,49	NAN	
8,46	0,2475	2,48	NAN	
8,48	0,18	2,485	NAN	
8,5	0,111	2,475	NAN	
8,52	-0,09	2,465	NAN	
8,54	0,0855	2,465	NAN	
8,56	-0,0285	2,45	NAN	
8,58	0,084	2,455	NAN	
8,6	0,087	2,45	NAN	
8,62	0,168	2,44	NAN	
8,64	0,183	2,44	NAN	
8,66	0,0915	2,435	NAN	
8,68	0,063	2,425	NAN	
8,7	0,0915	2,425	NAN	
8,72	0,012	2,425	NAN	
8,74	0,1005	2,405	NAN	
8,76	0,0465	2,41	NAN	
8,78	0,1095	2,4	NAN	
8,8	0,1755	2,395	NAN	
8,82	0,201	2,395	NAN	
8,84	0,066	2,385	NAN	
8,86	-0,0255	2,385	NAN	
8,88	0,099	2,375	NAN	
8,9	0,0855	2,37	NAN	
8,92	0,117	2,37	NAN	
8,94	0,1395	2,365	NAN	
8,96	0,036	2,35	NAN	
8,98	0,069	2,355	NAN	
9	0,1185	2,34	NAN	
9,02	0,0255	2,34	NAN	
9,04	0,135	2,335	NAN	
9,06	-0,0255	2,33	NAN	
9,08	0,066	2,325	NAN	
9,1	0,135	2,32	NAN	
9,12	-0,03	2,31	NAN	
9,14	0,018	2,31	NAN	
9,16	0,0255	2,3	NAN	
9,18	0,1005	2,29	NAN	
9,2	0,03	2,295	NAN	
9,22	0,036	2,28	NAN	
9,24	0,051	2,28	NAN	
9,26	-0,015	2,275	NAN	
9,28	0,039	2,265	NAN	
9,3	0,102	2,26	NAN	
9,32	-0,0015	2,27	NAN	
9,34	0,0465	2,25	NAN	
9,36	0,024	2,25	NAN	
9,38	0,0945	2,24	NAN	
9,4	0,138	2,235	NAN	
9,42	0,0945	2,23	NAN	
9,44	0,0645	2,225	NAN	
9,46	0,021	2,215	NAN	
9,48	0,0135	2,22	NAN	
9,5	0,123	2,205	NAN	
9,52	-0,0255	2,205	NAN	
9,54	0,009	2,2	NAN	
9,56	0,021	2,185	NAN	
9,58	-0,0195	2,185	NAN	
9,6	0,0345	2,185	NAN	
9,62	0,057	2,175	NAN	
9,64	-0,045	2,175	NAN	
9,66	0	2,165	NAN	
9,68	0,006	2,16	NAN	
9,7	0,009	2,16	NAN	
9,72	0,0795	2,145	NAN	
9,74	0,141	2,145	NAN	
9,76	-0,075	2,14	NAN	
9,78	0,0165	2,135	NAN	
9,8	0,0225	2,13	NAN	
9,82	0,0105	2,12	NAN	
9,84	-0,042	2,11	NAN	
9,86	-0,063	2,115	NAN	
9,88	-0,0675	2,105	NAN	
9,9	-0,1755	2,1	NAN	
9,92	-0,075	2,1	NAN	
9,94	-0,0255	2,09	NAN	
9,96	-0,1695	2,09	NAN	
9,98	-0,0435	2,085	NAN	
10	-0,0375	2,075	NAN	
10,02	-0,0645	2,08	NAN	
10,04	-0,069	2,065	NAN	
10,06	-0,063	2,06	NAN	
10,08	-0,1125	2,06	NAN	
10,1	-0,1575	2,055	NAN	
10,12	-0,1005	2,045	NAN	
10,14	0,054	2,05	NAN	
10,16	-0,0555	2,035	NAN	
10,18	0,0255	2,035	NAN	
10,2	-0,021	2,03	NAN	
10,22	-0,0615	2,02	NAN	
10,24	-0,1065	2,02	NAN	
10,26	-0,0675	2,015	NAN	
10,28	-0,108	2,005	NAN	
10,3	-0,102	2,01	NAN	
10,32	-0,0675	2,005	NAN	
10,34	-0,084	2	NAN	
10,36	-0,2025	1,995	NAN	
10,38	-0,1005	1,99	NAN	
10,4	-0,06	1,98	NAN	
10,42	-0,0285	1,98	NAN	
10,44	-0,156	1,97	NAN	
10,46	-0,1005	1,97	NAN	
10,48	-0,1815	1,97	NAN	
10,5	-0,1155	1,96	NAN	
10,52	-0,093	1,96	NAN	
10,54	-0,1425	1,955	NAN	
10,56	-0,153	1,945	NAN	
10,58	-0,0825	1,945	NAN	
10,6	-0,1425	1,93	NAN	
10,62	-0,2655	1,93	NAN	
10,64	-0,2775	1,93	NAN	
10,66	-0,2325	1,925	NAN	
10,68	-0,1575	1,925	NAN	
10,7	-0,1275	1,92	NAN	
10,72	-0,1905	1,905	NAN	
10,74	-0,1875	1,905	NAN	
10,76	-0,1815	1,905	NAN	
10,78	-0,291	1,895	NAN	
10,8	-0,2475	1,895	NAN	
10,82	-0,261	1,89	NAN	
10,84	-0,2895	1,885	NAN	
10,86	-0,249	1,885	NAN	
10,88	-0,1635	1,87	NAN	
10,9	-0,2895	1,875	NAN	
10,92	-0,3045	1,87	NAN	
10,94	-0,2685	1,86	NAN	
10,96	-0,2475	1,865	NAN	
10,98	-0,303	1,855	NAN	
11	-0,201	1,845	NAN	
11,02	-0,348	1,85	NAN	
11,04	-0,3855	1,84	NAN	
11,06	-0,228	1,835	NAN	
11,08	-0,3435	1,835	NAN	
11,1	-0,3255	1,83	NAN	
11,12	-0,4245	1,825	NAN	
11,14	-0,315	1,825	NAN	
11,16	-0,2505	1,815	NAN	
11,18	-0,3075	1,815	NAN	
11,2	-0,3015	1,81	NAN	
11,22	-0,3285	1,805	NAN	
11,24	-0,4005	1,805	NAN	
11,26	-0,441	1,8	NAN	
11,28	-0,372	1,795	NAN	
11,3	-0,3795	1,79	NAN	
11,32	-0,357	1,785	NAN	
11,34	-0,3825	1,785	NAN	
11,36	-0,45	1,78	NAN	
11,38	-0,4275	1,77	NAN	
11,4	-0,4695	1,775	NAN	
11,42	-0,4095	1,775	NAN	
11,44	-0,318	1,76	NAN	
11,46	-0,4455	1,76	NAN	
11,48	-0,45	1,76	NAN	
11,5	-0,462	1,75	NAN	
11,52	-0,588	1,75	NAN	
11,54	-0,447	1,74	NAN	
11,56	-0,4905	1,735	NAN	
11,58	-0,4515	1,74	NAN	
11,6	-0,534	1,73	NAN	
11,62	-0,495	1,73	NAN	
11,64	-0,4665	1,73	NAN	
11,66	-0,5175	1,72	NAN	
11,68	-0,5295	1,72	NAN	
11,7	-0,5055	1,71	NAN	
11,72	-0,5955	1,71	NAN	
11,74	-0,573	1,705	NAN	
11,76	-0,558	1,695	NAN	
11,78	-0,567	1,695	NAN	
11,8	-0,5115	1,695	NAN	
11,82	-0,5775	1,685	NAN	
11,84	-0,576	1,685	NAN	
11,86	-0,606	1,685	NAN	
11,88	-0,561	1,675	NAN	
11,9	-0,588	1,68	NAN	
11,92	-0,639	1,675	NAN	
11,94	-0,618	1,66	NAN	
11,96	-0,645	1,665	NAN	
11,98	-0,6765	1,655	NAN	
12	-0,7125	1,655	NAN	
12,02	-0,642	1,655	NAN	
12,04	-0,7515	1,645	NAN	
12,06	-0,768	1,645	NAN	
12,08	-0,735	1,64	NAN	
12,1	-0,774	1,635	NAN	
12,12	-0,5745	1,63	NAN	
12,14	-0,756	1,625	NAN	
12,16	-0,882	1,62	NAN	
12,18	-0,777	1,62	NAN	
12,2	-0,807	1,61	NAN	
12,22	-0,867	1,61	NAN	
12,24	-0,843	1,605	NAN	
12,26	-0,894	1,6	NAN	
12,28	-0,9585	1,6	NAN	
12,3	-0,9255	1,595	NAN	
12,32	-0,9735	1,585	NAN	
12,34	-0,903	1,59	NAN	
12,36	-1,032	1,58	NAN	
12,38	-0,963	1,58	NAN	
12,4	-0,927	1,575	NAN	
12,42	-0,9135	1,56	NAN	
12,44	-1,1055	1,57	NAN	
12,46	-0,963	1,565	NAN	
12,48	-1,017	1,555	NAN	
12,5	-1,0275	1,555	NAN	
12,52	-1,0785	1,55	NAN	
12,54	-1,122	1,545	NAN	
12,56	-1,0995	1,54	NAN	
12,58	-1,071	1,54	NAN	
12,6	-1,107	1,53	NAN	
12,62	-1,023	1,53	NAN	
12,64	-1,218	1,525	NAN	
12,66	-1,116	1,52	NAN	
12,68	-1,053	1,52	NAN	
12,7	-1,08	1,51	NAN	
12,72	-1,1295	1,505	NAN	
12,74	-1,296	1,505	NAN	
12,76	-1,2015	1,495	NAN	
12,78	-1,1385	1,49	NAN	
12,8	-1,068	1,495	NAN	
12,82	-1,155	1,485	NAN	
12,84	-1,242	1,485	NAN	
12,86	-1,1865	1,475	NAN	
12,88	-1,17	1,475	NAN	
12,9	-1,0995	1,47	NAN	
12,92	-1,203	1,46	NAN	
12,94	-1,257	1,46	NAN	
12,96	-1,203	1,455	NAN	
12,98	-1,104	1,45	NAN	
13	-1,188	1,445	NAN	
13,02	-1,0905	1,445	NAN	
13,04	-1,131	1,435	NAN	
13,06	-1,1025	1,435	NAN	
13,08	-1,0605	1,43	NAN	
13,1	-1,062	1,425	NAN	
13,12	-1,0575	1,425	NAN	
13,14	-1,143	1,415	NAN	
13,16	-1,0515	1,41	NAN	
13,18	-1,0545	1,41	NAN	
13,2	-1,0635	1,4	NAN	
13,22	-1,038	1,4	NAN	
13,24	-0,9465	1,395	NAN	
13,26	-1,02	1,385	NAN	
13,28	-1,074	1,39	NAN	
13,3	-0,9195	1,385	NAN	
13,32	-0,897	1,375	NAN	
13,34	-0,885	1,375	NAN	
13,36	-0,8685	1,37	NAN	
13,38	-0,858	1,365	NAN	
13,4	-0,771	1,365	NAN	
13,42	-0,8625	1,35	NAN	
13,44	-0,903	1,355	NAN	
13,46	-0,837	1,35	NAN	
13,48	-0,789	1,34	NAN	
13,5	-0,813	1,34	NAN	
13,52	-0,7815	1,335	NAN	
13,54	-0,8175	1,33	NAN	
13,56	-0,6795	1,33	NAN	
13,58	-0,6945	1,325	NAN	
13,6	-0,7575	1,31	NAN	
13,62	-0,696	1,315	NAN	
13,64	-0,741	1,31	NAN	
13,66	-0,7395	1,305	NAN	
13,68	-0,5985	1,305	NAN	
13,7	-0,714	1,29	NAN	
13,72	-0,621	1,295	NAN	
13,74	-0,579	1,29	NAN	
13,76	-0,612	1,28	NAN	
13,78	-0,663	1,275	NAN	
13,8	-0,567	1,28	NAN	
13,82	-0,5775	1,265	NAN	
13,84	-0,4605	1,27	NAN	
13,86	-0,576	1,26	NAN	
13,88	-0,495	1,255	NAN	
13,9	-0,501	1,26	NAN	
13,92	-0,5655	1,245	NAN	
13,94	-0,408	1,245	NAN	
13,96	-0,5625	1,245	NAN	
13,98	-0,4935	1,225	NAN	
14	-0,4575	1,235	NAN	
14,02	-0,432	1,23	NAN	
14,04	-0,4665	1,22	NAN	
14,06	-0,3855	1,23	NAN	
14,08	-0,387	1,215	NAN	
14,1	-0,357	1,21	NAN	
14,12	-0,351	1,205	NAN	
14,14	-0,423	1,2	NAN	
14,16	-0,3645	1,205	NAN	
14,18	-0,2595	1,2	NAN	
14,2	-0,402	1,19	NAN	
14,22	-0,3195	1,19	NAN	
14,24	-0,4425	1,185	NAN	
14,26	-0,4335	1,175	NAN	
14,28	-0,297	1,18	NAN	
14,3	-0,3675	1,175	NAN	
14,32	-0,3435	1,16	NAN	
14,34	-0,342	1,165	NAN	
14,36	-0,3975	1,155	NAN	
14,38	-0,2445	1,15	NAN	
14,4	-0,339	1,155	NAN	
14,42	-0,282	1,14	NAN	
14,44	-0,297	1,14	NAN	
14,46	-0,2625	1,14	NAN	
14,48	-0,2415	1,13	NAN	
14,5	-0,3525	1,13	NAN	
14,52	-0,3135	1,125	NAN	
14,54	-0,279	1,12	NAN	
14,56	-0,303	1,125	NAN	
14,58	-0,2475	1,12	NAN	
14,6	-0,1815	1,11	NAN	
14,62	-0,1995	1,105	NAN	
14,64	-0,147	1,105	NAN	
14,66	-0,1425	1,09	NAN	
14,68	-0,189	1,095	NAN	
14,7	-0,2445	1,09	NAN	
14,72	-0,1575	1,085	NAN	
14,74	-0,207	1,09	NAN	
14,76	-0,1665	1,075	NAN	
14,78	-0,156	1,075	NAN	
14,8	-0,2265	1,07	NAN	
14,82	-0,0135	1,065	NAN	
14,84	-0,12	1,06	NAN	
14,86	-0,093	1,06	NAN	
14,88	-0,138	1,055	NAN	
14,9	-0,1185	1,05	NAN	
14,92	-0,0915	1,05	NAN	
14,94	-0,063	1,04	NAN	
14,96	-0,123	1,04	NAN	
14,98	-0,1755	1,035	NAN	
15	-0,1395	1,035	NAN	
15,02	-0,126	1,035	NAN	
15,04	-0,144	1,025	NAN	
15,06	-0,1215	1,025	NAN	
15,08	-0,0765	1,02	NAN	
15,1	-0,0705	1,015	NAN	
15,12	-0,129	1,01	NAN	
15,14	-0,0855	1,015	NAN	
15,16	-0,1515	1	NAN	
15,18	-0,1455	1,005	NAN	
15,2	-0,0825	1	NAN	
15,22	-0,1755	0,99	NAN	
15,24	0,0645	0,99	NAN	
15,26	-0,0795	0,99	NAN	
15,28	-0,105	0,98	NAN	
15,3	0,0435	0,985	NAN	
15,32	0,063	0,975	NAN	
15,34	0,1065	0,975	NAN	
15,36	-0,087	0,975	NAN	
15,38	-0,105	0,965	NAN	
15,4	0,0075	0,965	NAN	
15,42	0,036	0,965	NAN	
15,44	0	0,95	NAN	
15,46	-0,1845	0,95	NAN	
15,48	0,0525	0,955	NAN	
15,5	-0,0435	0,94	NAN	
15,52	-0,0345	0,945	NAN	
15,54	0,0135	0,945	NAN	
15,56	0,0435	0,93	NAN	
15,58	0,0285	0,94	NAN	
15,6	0,0315	0,93	NAN	
15,62	-0,0405	0,93	NAN	
15,64	0,117	0,925	NAN	
15,66	0,06	0,92	NAN	
15,68	0,0705	0,915	NAN	
15,7	-0,066	0,915	NAN	
15,72	-0,0885	0,91	NAN	
15,74	0,0825	0,91	NAN	
15,76	0,0375	0,905	NAN	
15,78	0,0765	0,895	NAN	
15,8	0,0525	0,9	NAN	
15,82	0,0315	0,895	NAN	
15,84	0,0405	0,885	NAN	
15,86	0,0795	0,895	NAN	
15,88	-0,0315	0,885	NAN	
15,9	0,0465	0,88	NAN	
15,92	-0,078	0,88	NAN	
15,94	-0,0735	0,87	NAN	
15,96	0,117	0,87	NAN	
15,98	0,0555	0,875	NAN	
16	0,054	0,86	NAN	
16,02	0,093	0,865	NAN	
16,04	0,0675	0,86	NAN	
16,06	0,0525	0,855	NAN	
16,08	-0,066	0,85	NAN	
16,1	0,048	0,85	NAN	
16,12	0,1485	0,845	NAN	
16,14	0,0825	0,845	NAN	
16,16	0,057	0,84	NAN	
16,18	0,0465	0,84	NAN	
16,2	0,1065	0,835	NAN	
16,22	0,1605	0,82	NAN	
16,24	0,1095	0,825	NAN	
16,26	0,0795	0,83	NAN	
16,28	-0,042	0,815	NAN	
16,3	0,033	0,82	NAN	
16,32	0,048	0,815	NAN	
16,34	0,2115	0,81	NAN	
16,36	0,147	0,81	NAN	
16,38	0,0735	0,805	NAN	
16,4	0,0825	0,805	NAN	
16,42	0,117	0,805	NAN	
16,44	0,177	0,79	NAN	
16,46	0,1965	0,795	NAN	
16,48	0,162	0,795	NAN	
16,5	0,0615	0,785	NAN	
16,52	0,1005	0,79	NAN	
16,54	0,021	0,785	NAN	
16,56	0,0975	0,78	NAN	
16,58	0,0885	0,785	NAN	
16,6	0,1245	0,77	NAN	
16,62	0,108	0,77	NAN	
16,64	0,138	0,77	NAN	
16,66	0,117	0,76	NAN	
16,68	0,123	0,765	NAN	
16,7	0,147	0,76	NAN	
16,72	0,084	0,755	NAN	
16,74	0,1455	0,755	NAN	
16,76	0,1215	0,75	NAN	
16,78	0,108	0,745	NAN	
16,8	0,117	0,75	NAN	
16,82	0,1545	0,74	NAN	
16,84	0,174	0,74	NAN	
16,86	0,006	0,74	NAN	
16,88	0,099	0,73	NAN	
16,9	-0,0255	0,735	NAN	
16,92	0,1035	0,725	NAN	
16,94	0,168	0,725	NAN	
16,96	0,117	0,725	NAN	
16,98	0,1755	0,72	NAN	
17	0,162	0,72	NAN	
17,02	0,111	0,72	NAN	
17,04	0,2025	0,705	NAN	
17,06	0,1125	0,71	NAN	
17,08	0,1605	0,715	NAN	
17,1	0,141	0,7	NAN	
17,12	0,1455	0,705	NAN	
17,14	0,192	0,7	NAN	
17,16	0,0405	0,695	NAN	
17,18	0,135	0,695	NAN	
17,2	0,1665	0,69	NAN	
17,22	0,132	0,69	NAN	
17,24	0,2685	0,69	NAN	
17,26	0,144	0,68	NAN	
17,28	0,1425	0,685	NAN	
17,3	0,1515	0,68	NAN	
17,32	0,0675	0,675	NAN	
17,34	0,189	0,675	NAN	
17,36	0,186	0,675	NAN	
17,38	0,1215	0,665	NAN	
17,4	0,177	0,67	NAN	
17,42	0,225	0,665	NAN	
17,44	0,153	0,66	NAN	
17,46	0,333	0,66	NAN	
17,48	0,147	0,65	NAN	
17,5	0,2235	0,655	NAN	
17,52	0,1305	0,65	NAN	
17,54	0,1095	0,645	NAN	
17,56	0,12	0,65	NAN	
17,58	0,1335	0,645	NAN	
17,6	0,117	0,645	NAN	
17,62	0,165	0,64	NAN	
17,64	0,1065	0,635	NAN	
17,66	0,1035	0,635	NAN	
17,68	0,1065	0,635	NAN	
17,7	0,147	0,625	NAN	
17,72	0,2205	0,625	NAN	
17,74	0,276	0,625	NAN	
17,76	0,1905	0,615	NAN	
17,78	0,0615	0,62	NAN	
17,8	0,2025	0,62	NAN	
17,82	0,102	0,615	NAN	
17,84	0,0015	0,615	NAN	
17,86	0,138	0,605	NAN	
17,88	0,156	0,61	NAN	
17,9	0,1995	0,61	NAN	
17,92	0,2295	0,6	NAN	
17,94	0,141	0,605	NAN	
17,96	0,1845	0,6	NAN	
17,98	0,144	0,595	NAN	
18	0,198	0,6	NAN	
18,02	0,15	0,59	NAN	
18,04	0,2085	0,59	NAN	
18,06	0,1725	0,595	NAN	
18,08	0,099	0,585	NAN	
18,1	0,1545	0,585	NAN	
18,12	0,084	0,59	NAN	
18,14	0,24	0,575	NAN	
18,16	0,1875	0,58	NAN	
18,18	0,2445	0,58	NAN	
18,2	0,108	0,575	NAN	
18,22	0,1965	0,575	NAN	
18,24	0,12	0,57	NAN	
18,26	0,2505	0,57	NAN	
18,28	0,243	0,57	NAN	
18,3	0,1815	0,56	NAN	
18,32	0,1515	0,56	NAN	
18,34	0,33	0,565	NAN	
18,36	0,249	0,555	NAN	
18,38	0,1725	0,56	NAN	
18,4	0,225	0,56	NAN	
18,42	0,255	0,55	NAN	
18,44	0,18	0,555	NAN	
18,46	0,1755	0,545	NAN	
18,48	0,198	0,545	NAN	
18,5	0,294	0,555	NAN	
18,52	0,171	0,54	NAN	
18,54	0,2145	0,545	NAN	
18,56	0,171	0,55	NAN	
18,58	0,2625	0,535	NAN	
18,6	0,21	0,54	NAN	
18,62	0,219	0,535	NAN	
18,64	0,1575	0,535	NAN	
18,66	0,2175	0,535	NAN	
18,68	0,1575	0,53	NAN	
18,7	0,099	0,53	NAN	
18,72	0,0885	0,535	NAN	
18,74	0,2715	0,525	NAN	
18,76	0,213	0,525	NAN	
18,78	0,219	0,525	NAN	
18,8	0,2985	0,52	NAN	
18,82	0,1395	0,52	NAN	
18,84	0,228	0,52	NAN	
18,86	0,2565	0,52	NAN	
18,88	0,1395	0,52	NAN	
18,9	0,2235	0,52	NAN	
18,92	0,141	0,515	NAN	
18,94	0,1725	0,515	NAN	
18,96	0,2685	0,515	NAN	
18,98	0,1845	0,51	NAN	
19	0,0555	0,515	NAN	
19,02	0,1275	0,505	NAN	
19,04	0,156	0,505	NAN	
19,06	0,1425	0,51	NAN	
19,08	0,2535	0,505	NAN	
19,1	0,237	0,505	NAN	
19,12	0,2475	0,51	NAN	
19,14	0,144	0,5	NAN	
19,16	0,24	0,5	NAN	
19,18	0,258	0,5	NAN	
19,2	0,222	0,49	NAN	
19,22	0,0765	0,495	NAN	
19,24	0,057	0,495	NAN	
19,26	0,1845	0,49	NAN	
19,28	0,1905	0,495	NAN	
19,3	0,237	0,495	NAN	
19,32	0,204	0,49	NAN	
19,34	0,192	0,495	NAN	
19,36	0,081	0,485	NAN	
19,38	0,192	0,49	NAN	
19,4	0,186	0,49	NAN	
19,42	0,192	0,485	NAN	
19,44	0,1815	0,485	NAN	
19,46	0,3255	0,49	NAN	
19,48	0,1605	0,48	NAN	
19,5	0,15	0,485	NAN	
19,52	0,234	0,485	NAN	
19,54	0,2265	0,48	NAN	
19,56	0,2475	0,485	NAN	
19,58	0,246	0,48	NAN	
19,6	0,1875	0,475	NAN	
19,62	0,1245	0,485	NAN	
19,64	0,0975	0,47	NAN	
19,66	0,1245	0,48	NAN	
19,68	0,213	0,475	NAN	
19,7	0,165	0,47	NAN	
19,72	0,2205	0,475	NAN	
19,74	0,1095	0,475	NAN	
19,76	0,1425	0,47	NAN	
19,78	0,1365	0,475	NAN	
19,8	0,24	0,47	NAN	
19,82	0,219	0,47	NAN	
19,84	0,1725	0,47	NAN	
19,86	0,135	0,465	NAN	
19,88	0,1845	0,47	NAN	
19,9	0,12	0,47	NAN	
19,92	0,204	0,46	NAN	
19,94	0,276	0,47	NAN	
19,96	0,2235	0,465	NAN	
19,98	0,1065	0,46	NAN	
20	0,15	0,47	NAN	
20,02	0,2295	0,465	NAN	
20,04	0,0825	0,465	NAN	
20,06	0,159	0,465	NAN	
20,08	0,1515	0,46	NAN	
20,1	0,0945	0,46	NAN	
20,12	0,1545	0,465	NAN	
20,14	0,144	0,46	NAN	
20,16	0,135	0,46	NAN	
20,18	0,1965	0,465	NAN	
20,2	0,1515	0,455	NAN	
20,22	0,195	0,46	NAN	
20,24	0,2025	0,46	NAN	
20,26	0,162	0,455	NAN	
20,28	0,141	0,46	NAN	
20,3	0,2235	0,455	NAN	
20,32	0,1125	0,455	NAN	
20,34	0,093	0,46	NAN	
20,36	0,1275	0,455	NAN	
20,38	0,2475	0,455	NAN	
20,4	0,177	0,46	NAN	
20,42	0,2235	0,45	NAN	
20,44	0,252	0,455	NAN	
20,46	0,2025	0,455	NAN	
20,48	0,2055	0,455	NAN	
20,5	0,174	0,455	NAN	
20,52	0,2175	0,45	NAN	
20,54	0,0855	0,455	NAN	
20,56	-0,042	0,46	NAN	
20,58	0,234	0,455	NAN	
20,6	0,183	0,455	NAN	
20,62	0,174	0,455	NAN	
20,64	0,1395	0,455	NAN	
20,66	0,198	0,45	NAN	
20,68	0,081	0,455	NAN	
20,7	0,1515	0,45	NAN	
20,72	0,1755	0,46	NAN	
20,74	0,132	0,45	NAN	
20,76	0,072	0,45	NAN	
20,78	0,351	0,455	NAN	
20,8	0,132	0,45	NAN	
20,82	0,1755	0,45	NAN	
20,84	0,144	0,455	NAN	
20,86	0,222	0,455	NAN	
20,88	0,1455	0,455	NAN	
20,9	0,18	0,455	NAN	
20,92	0,216	0,45	NAN	
20,94	0,141	0,455	NAN	
20,96	0,24	0,45	NAN	
20,98	0,1245	0,455	NAN	
21	0,2175	0,46	NAN	
21,02	0,2145	0,45	NAN	
21,04	0,2535	0,455	NAN	
21,06	0,138	0,455	NAN	
21,08	0,2775	0,455	NAN	
21,1	0,264	0,455	NAN	
21,12	0,15	0,46	NAN	
21,14	0,1665	0,45	NAN	
21,16	0,2175	0,455	NAN	
21,18	0,1545	0,455	NAN	
21,2	0,153	0,45	NAN	
21,22	0,1665	0,46	NAN	
21,24	0,183	0,455	NAN	
21,26	0,096	0,455	NAN	
21,28	0,1965	0,46	NAN	
21,3	0,153	0,455	NAN	
21,32	0,1695	0,46	NAN	
21,34	0,1785	0,46	NAN	
21,36	0,1095	0,455	NAN	
21,38	0,12	0,465	NAN	
21,4	0,066	0,465	NAN	
21,42	0,099	0,45	NAN	
21,44	0,1245	0,46	NAN	
21,46	0,1845	0,46	NAN	
21,48	0,1215	0,46	NAN	
21,5	0,153	0,465	NAN	
21,52	0,126	0,46	NAN	
21,54	0,2355	0,465	NAN	
21,56	0,0855	0,465	NAN	
21,58	0,0555	0,46	NAN	
21,6	0,135	0,46	NAN	
21,62	0,1155	0,47	NAN	
21,64	0,093	0,46	NAN	
21,66	0,204	0,465	NAN	
21,68	0,1335	0,465	NAN	
21,7	0,216	0,465	NAN	
21,72	0,0795	0,465	NAN	
21,74	0,2025	0,47	NAN	
21,76	0,117	0,46	NAN	
21,78	0,183	0,47	NAN	
21,8	0,1455	0,465	NAN	
21,82	0,1125	0,47	NAN	
21,84	0,042	0,475	NAN	
21,86	0,051	0,47	NAN	
21,88	0,0765	0,47	NAN	
21,9	0,1635	0,475	NAN	
21,92	0,105	0,47	NAN	
21,94	0,156	0,475	NAN	
21,96	0,066	0,475	NAN	
21,98	0,177	0,47	NAN	
22	0,1965	0,475	NAN	
22,02	0,2235	0,48	NAN	
22,04	0,1185	0,475	NAN	
22,06	0,1905	0,48	NAN	
22,08	0,1575	0,48	NAN	
22,1	0,162	0,48	NAN	
22,12	0,12	0,485	NAN	
22,14	0,1425	0,48	NAN	
22,16	0,0675	0,485	NAN	
22,18	0,129	0,485	NAN	
22,2	0,1335	0,475	NAN	
22,22	0,0825	0,485	NAN	
22,24	0,0585	0,485	NAN	
22,26	0,072	0,48	NAN	
22,28	0,069	0,49	NAN	
22,3	0,1395	0,485	NAN	
22,32	0,15	0,485	NAN	
22,34	0,1095	0,49	NAN	
22,36	0,1785	0,49	NAN	
22,38	0,1185	0,49	NAN	
22,4	0,1365	0,49	NAN	
22,42	0,1695	0,49	NAN	
22,44	0,1155	0,49	NAN	
22,46	0,15	0,5	NAN	
22,48	0,1335	0,485	NAN	
22,5	0,1275	0,495	NAN	
22,52	0,1515	0,495	NAN	
22,54	0,18	0,49	NAN	
22,56	0,144	0,5	NAN	
22,58	0,1695	0,49	NAN	
22,6	0,0585	0,5	NAN	
22,62	0,111	0,5	NAN	
22,64	0,117	0,5	NAN	
22,66	0,0765	0,5	NAN	
22,68	0,1785	0,505	NAN	
22,7	0,15	0,5	NAN	
22,72	0,06	0,505	NAN	
22,74	0,1335	0,505	NAN	
22,76	0,0825	0,505	NAN	
22,78	0,0525	0,51	NAN	
22,8	0,2505	0,505	NAN	
22,82	0,1485	0,505	NAN	
22,84	0,0915	0,51	NAN	
22,86	0,168	0,5	NAN	
22,88	0,0735	0,515	NAN	
22,9	0,1245	0,52	NAN	
22,92	0,1305	0,51	NAN	
22,94	0,12	0,515	NAN	
22,96	0,1425	0,515	NAN	
22,98	0,1815	0,515	NAN	
23	0,165	0,52	NAN	
23,02	0,1635	0,52	NAN	
23,04	0,1545	0,515	NAN	
23,06	0,0915	0,525	NAN	
23,08	0,1215	0,52	NAN	
23,1	0,24	0,53	NAN	
23,12	0,117	0,53	NAN	
23,14	0,1875	0,525	NAN	
23,16	0,126	0,53	NAN	
23,18	0,198	0,53	NAN	
23,2	0,111	0,525	NAN	
23,22	0,054	0,535	NAN	
23,24	0,126	0,535	NAN	
23,26	0,0555	0,53	NAN	
23,28	0,114	0,535	NAN	
23,3	0,0165	0,535	NAN	
23,32	0,0735	0,535	NAN	
23,34	0,1125	0,545	NAN	
23,36	0,144	0,535	NAN	
23,38	0,0735	0,54	NAN	
23,4	0,108	0,55	NAN	
23,42	0,153	0,55	NAN	
23,44	0,1845	0,55	NAN	
23,46	0,0705	0,545	NAN	
23,48	-0,009	0,545	NAN	
23,5	0,0225	0,555	NAN	
23,52	0,105	0,55	NAN	
23,54	0,135	0,555	NAN	
23,56	0,126	0,56	NAN	
23,58	0,159	0,555	NAN	
23,6	0,216	0,56	NAN	
23,62	0,198	0,56	NAN	
23,64	0,093	0,555	NAN	
23,66	0,0585	0,56	NAN	
23,68	0,126	0,565	NAN	
23,7	0,0585	0,56	NAN	
23,72	0,1485	0,57	NAN	
23,74	0,1875	0,57	NAN	
23,76	0,1095	0,57	NAN	
23,78	0,1365	0,575	NAN	
23,8	0,123	0,57	NAN	
23,82	0,2145	0,575	NAN	
23,84	0,1095	0,575	NAN	
23,86	0,2265	0,575	NAN	
23,88	0,057	0,58	NAN	
23,9	0,0375	0,58	NAN	
23,92	0,1575	0,575	NAN	
23,94	0,1215	0,58	NAN	
23,96	0,006	0,58	NAN	
23,98	0,171	0,585	NAN	
24	0,072	0,585	NAN	
24,02	0,138	0,585	NAN	
24,04	0,1365	0,585	NAN	
24,06	0,0825	0,595	NAN	
24,08	0,0855	0,585	NAN	
24,1	0,0705	0,595	NAN	
24,12	0,138	0,6	NAN	
24,14	0,054	0,59	NAN	
24,16	0,0675	0,6	NAN	
24,18	0,0945	0,595	NAN	
24,2	0,0825	0,6	NAN	
24,22	0,135	0,605	NAN	
24,24	0,1245	0,6	NAN	
24,26	0,138	0,61	NAN	
24,28	0,0045	0,61	NAN	
24,3	0,144	0,6	NAN	
24,32	0,1335	0,605	NAN	
24,34	0,0765	0,61	NAN	
24,36	0,0765	0,605	NAN	
24,38	0,057	0,62	NAN	
24,4	0,075	0,615	NAN	
24,42	0,102	0,615	NAN	
24,44	0,0375	0,62	NAN	
24,46	0,027	0,615	NAN	
24,48	0,0885	0,62	NAN	
24,5	0,1845	0,62	NAN	
24,52	0,093	0,62	NAN	
24,54	0,162	0,63	NAN	
24,56	0,117	0,63	NAN	
24,58	0,1155	0,625	NAN	
24,6	0,132	0,635	NAN	
24,62	0,243	0,63	NAN	
24,64	0,1245	0,63	NAN	
24,66	0,075	0,64	NAN	
24,68	0,153	0,635	NAN	
24,7	0,093	0,64	NAN	
24,72	0,0645	0,64	NAN	
24,74	0,069	0,64	NAN	
24,76	0,045	0,65	NAN	
24,78	0,1065	0,65	NAN	
24,8	0,1005	0,64	NAN	
24,82	0,093	0,65	NAN	
24,84	0,1455	0,65	NAN	
24,86	0,099	0,65	NAN	
24,88	0,174	0,655	NAN	
24,9	0,108	0,655	NAN	
24,92	0,0705	0,655	NAN	
24,94	0,123	0,66	NAN	
24,96	0,1245	0,65	NAN	
24,98	0,1335	0,665	NAN	
25	0,1335	0,665	NAN	
25,02	0,1125	0,665	NAN	
25,04	0,0435	0,67	NAN	
25,06	0,153	0,675	NAN	
25,08	0,0885	0,67	NAN	
25,1	0,0495	0,675	NAN	
25,12	0,156	0,68	NAN	
25,14	0,15	0,675	NAN	
25,16	0,1305	0,68	NAN	
25,18	0,159	0,675	NAN	
25,2	0,06	0,68	NAN	
25,22	0,1245	0,685	NAN	
25,24	0,1785	0,68	NAN	
25,26	0,09	0,685	NAN	
25,28	0,1425	0,695	NAN	
25,3	0,039	0,69	NAN	
25,32	0,021	0,695	NAN	
25,34	0,1275	0,705	NAN	
25,36	0,0705	0,695	NAN	
25,38	0,063	0,7	NAN	
25,4	0,1125	0,7	NAN	
25,42	-0,0615	0,7	NAN	
25,44	0,0675	0,705	NAN	
25,46	0,0675	0,7	NAN	
25,48	0,1035	0,71	NAN	
25,5	0,039	0,71	NAN	
25,52	0,093	0,705	NAN	
25,54	0,12	0,715	NAN	
25,56	0,1425	0,72	NAN	
25,58	0,045	0,72	NAN	
25,6	0,06	0,725	NAN	
25,62	0,189	0,725	NAN	
25,64	0,06	0,72	NAN	
25,66	0,1725	0,73	NAN	
25,68	0,2235	0,725	NAN	
25,7	0,0795	0,73	NAN	
25,72	0,132	0,73	NAN	
25,74	0,0885	0,73	NAN	
25,76	0,003	0,735	NAN	
25,78	0,1635	0,74	NAN	
25,8	0,1875	0,735	NAN	
25,82	0,1845	0,74	NAN	
25,84	0,1845	0,745	NAN	
25,86	0,147	0,74	NAN	
25,88	0,0615	0,755	NAN	
25,9	0,156	0,75	NAN	
25,92	0,096	0,75	NAN	
25,94	0,147	0,755	NAN	
25,96	0,1425	0,755	NAN	
25,98	0,153	0,765	NAN	
26	0,057	0,765	NAN	
26,02	0,1215	0,76	NAN	
26,04	-0,018	0,765	NAN	
26,06	0,1275	0,775	NAN	
26,08	0,141	0,765	NAN	
26,1	0,1155	0,775	NAN	
26,12	0,1395	0,775	NAN	
26,14	0,1275	0,77	NAN	
26,16	0,087	0,78	NAN	
26,18	0,102	0,78	NAN	
26,2	0,1395	0,78	NAN	
26,22	0,114	0,785	NAN	
26,24	0,027	0,79	NAN	
26,26	-0,0045	0,78	NAN	
26,28	0,084	0,795	NAN	
26,3	0,084	0,79	NAN	
26,32	0,0345	0,795	NAN	
26,34	0,129	0,8	NAN	
26,36	0,075	0,8	NAN	
26,38	0,081	0,8	NAN	
26,4	-0,0285	0,81	NAN	
26,42	0,0315	0,8	NAN	
26,44	0,0345	0,81	NAN	
26,46	0,0375	0,815	NAN	
26,48	0,1305	0,805	NAN	
26,5	0,1815	0,815	NAN	
26,52	0,0375	0,815	NAN	
26,54	0,0495	0,815	NAN	
26,56	0,054	0,82	NAN	
26,58	0,102	0,825	NAN	
26,6	0,075	0,825	NAN	
26,62	0,126	0,83	NAN	
26,64	0,078	0,825	NAN	
26,66	0,069	0,84	NAN	
26,68	0,0315	0,835	NAN	
26,7	0,093	0,835	NAN	
26,72	0,0255	0,84	NAN	
26,74	0,0645	0,84	NAN	
26,76	0,1725	0,83	NAN	
26,78	0,096	0,845	NAN	
26,8	0,0375	0,845	NAN	
26,82	0,0165	0,845	NAN	
26,84	0,186	0,85	NAN	
26,86	0,162	0,85	NAN	
26,88	0,093	0,85	NAN	
26,9	0,027	0,86	NAN	
26,92	0,078	0,855	NAN	
26,94	0,0465	0,855	NAN	
26,96	0,1035	0,865	NAN	
26,98	-0,0435	0,865	NAN	
27	0,0615	0,865	NAN	
27,02	0,036	0,865	NAN	
27,04	0,0285	0,875	NAN	
27,06	0,102	0,87	NAN	
27,08	-0,0075	0,87	NAN	
27,1	0,066	0,875	NAN	
27,12	0,0465	0,875	NAN	
27,14	0,0345	0,875	NAN	
27,16	0,1245	0,885	NAN	
27,18	0,1755	0,885	NAN	
27,2	0,0435	0,885	NAN	
27,22	0,033	0,89	NAN	
27,24	0,0315	0,895	NAN	
27,26	-0,093	0,89	NAN	
27,28	0,15	0,895	NAN	
27,3	0,147	0,9	NAN	
27,32	0,1065	0,895	NAN	
27,34	0,2235	0,905	NAN	
27,36	-0,0015	0,91	NAN	
27,38	0,0555	0,905	NAN	
27,4	0,009	0,905	NAN	
27,42	-0,045	0,915	NAN	
27,44	0,027	0,91	NAN	
27,46	-0,0045	0,915	NAN	
27,48	0,051	0,92	NAN	
27,5	0,033	0,915	NAN	
27,52	-0,012	0,925	NAN	
27,54	0,0255	0,93	NAN	
27,56	0,093	0,925	NAN	
27,58	0,1215	0,93	NAN	
27,6	0,0615	0,935	NAN	
27,62	0,09	0,935	NAN	
27,64	0,0795	0,94	NAN	
27,66	0,0735	0,935	NAN	
27,68	0,024	0,935	NAN	
27,7	-0,042	0,945	NAN	
27,72	0,0795	0,945	NAN	
27,74	0,0045	0,95	NAN	
27,76	0,0285	0,955	NAN	
27,78	0,036	0,95	NAN	
27,8	0,084	0,96	NAN	
27,82	-0,0405	0,96	NAN	
27,84	0,024	0,96	NAN	
27,86	0,1005	0,965	NAN	
27,88	-0,015	0,965	NAN	
27,9	0,0045	0,97	NAN	
27,92	0,0645	0,97	NAN	
27,94	-0,0165	0,975	NAN	
27,96	0,0345	0,975	NAN	
27,98	0,009	0,98	NAN	
28	0,006	0,98	NAN	
28,02	0,081	0,98	NAN	
28,04	0,0825	1	NAN	
28,06	-0,0015	0,985	NAN	
28,08	0,06	0,99	NAN	
28,1	0,036	1	NAN	
28,12	0,039	0,99	NAN	
28,14	0,0765	1	NAN	
28,16	-0,0105	1	NAN	
28,18	-0,1095	1	NAN	
28,2	0,066	1,005	NAN	
28,22	0,066	1,005	NAN	
28,24	0	1,01	NAN	
28,26	0,03	1,015	NAN	
28,28	-0,012	1,01	NAN	
28,3	0,048	1,02	NAN	
28,32	0,0165	1,025	NAN	
28,34	0,1605	1,02	NAN	
28,36	0,0345	1,025	NAN	
28,38	0,0285	1,03	NAN	
28,4	0,033	1,025	NAN	
28,42	0,0615	1,035	NAN	
28,44	0,0375	1,03	NAN	
28,46	0,0705	1,035	NAN	
28,48	0,0285	1,045	NAN	
28,5	-0,0375	1,04	NAN	
28,52	-0,075	1,045	NAN	
28,54	-0,0615	1,05	NAN	
28,56	0,045	1,055	NAN	
28,58	0,015	1,05	NAN	
28,6	-0,003	1,055	NAN	
28,62	-0,0855	1,05	NAN	
28,64	0,099	1,055	NAN	
28,66	0,0375	1,06	NAN	
28,68	0,156	1,06	NAN	
28,7	0,096	1,065	NAN	
28,72	-0,027	1,065	NAN	
28,74	-0,042	1,07	NAN	
28,76	-0,0135	1,07	NAN	
28,78	-0,0135	1,065	NAN	
28,8	-0,0015	1,075	NAN	
28,82	0,084	1,075	NAN	
28,84	0,051	1,075	NAN	
28,86	0,039	1,085	NAN	
28,88	0,0675	1,085	NAN	
28,9	-0,0015	1,085	NAN	
28,92	-0,018	1,095	NAN	
28,94	0,066	1,095	NAN	
28,96	-0,012	1,095	NAN	
28,98	-0,0195	1,09	NAN	
29	-0,075	1,09	NAN	
29,02	-0,0045	1,1	NAN	
29,04	-0,0345	1,1	NAN	
29,06	0,0855	1,1	NAN	
29,08	-0,0435	1,105	NAN	
29,1	0,003	1,11	NAN	
29,12	-0,0495	1,105	NAN	
29,14	-0,0165	1,115	NAN	
29,16	-0,0015	1,11	NAN	
29,18	-0,0165	1,115	NAN	
29,2	-0,063	1,125	NAN	
29,22	0,0195	1,12	NAN	
29,24	-0,006	1,125	NAN	
29,26	0,0405	1,12	NAN	
29,28	0,048	1,13	NAN	
29,3	0,0225	1,135	NAN	
29,32	0,078	1,125	NAN	
29,34	-0,087	1,135	NAN	
29,36	-0,0045	1,14	NAN	
29,38	-0,036	1,135	NAN	
29,4	0,054	1,14	NAN	
29,42	0,0405	1,15	NAN	
29,44	-0,105	1,145	NAN	
29,46	-0,0435	1,155	NAN	
29,48	-0,021	1,145	NAN	
29,5	0,0375	1,155	NAN	
29,52	0,0825	1,175	NAN	
29,54	-0,009	1,155	NAN	
29,56	0,0615	1,16	NAN	
29,58	0,0885	1,165	NAN	
29,6	0,0135	1,16	NAN	
29,62	-0,0345	1,17	NAN	
29,64	-0,111	1,165	NAN	
29,66	-0,0645	1,17	NAN	
29,68	-0,033	1,175	NAN	
29,7	0,0015	1,17	NAN	
29,72	0,102	1,185	NAN	
29,74	-0,0315	1,185	NAN	
29,76	0,0105	1,18	NAN	
29,78	-0,036	1,185	NAN	
29,8	-0,1035	1,185	NAN	
29,82	-0,0195	1,185	NAN	
29,84	-0,0675	1,195	NAN	
29,86	-0,0585	1,19	NAN	
29,88	-0,042	1,195	NAN	
29,9	0,0555	1,205	NAN	
29,92	-0,0645	1,195	NAN	
29,94	0,0735	1,205	NAN	
29,96	-0,033	1,21	NAN	
29,98	-0,0615	1,21	NAN	
30	-0,141	1,21	NAN	
30,02	0,0975	1,21	NAN	
30,04	-0,06	1,21	NAN	
30,06	-0,051	1,215	NAN	
30,08	0,0075	1,215	NAN	
30,1	-0,0765	1,22	NAN	
30,12	-0,003	1,225	NAN	
30,14	-0,03	1,225	NAN	
30,16	-0,0495	1,23	NAN	
30,18	-0,0285	1,23	NAN	
30,2	0,0315	1,235	NAN	
30,22	-0,0225	1,24	NAN	
30,24	-0,0825	1,235	NAN	
30,26	-0,0345	1,24	NAN	
30,28	0,018	1,245	NAN	
30,3	-0,0405	1,24	NAN	
30,32	-0,0285	1,25	NAN	
30,34	-0,0315	1,245	NAN	
30,36	-0,0975	1,25	NAN	
30,38	-0,09	1,26	NAN	
30,4	0,0225	1,255	NAN	
30,42	-0,102	1,255	NAN	
30,44	0,021	1,265	NAN	
30,46	0,0075	1,255	NAN	
30,48	-0,033	1,27	NAN	
30,5	0,0045	1,27	NAN	
30,52	-0,1395	1,27	NAN	
30,54	-0,0315	1,275	NAN	
30,56	0,0915	1,275	NAN	
30,58	0,0195	1,275	NAN	
30,6	-0,135	1,28	NAN	
30,62	-0,0885	1,29	NAN	
30,64	-0,1005	1,28	NAN	
30,66	-0,1485	1,29	NAN	
30,68	0,0105	1,29	NAN	
30,7	-0,06	1,285	NAN	
30,72	-0,1725	1,295	NAN	
30,74	-0,117	1,295	NAN	
30,76	-0,0135	1,295	NAN	
30,78	0,045	1,305	NAN	
30,8	-0,036	1,31	NAN	
30,82	-0,087	1,305	NAN	
30,84	-0,156	1,305	NAN	
30,86	-0,0525	1,31	NAN	
30,88	-0,006	1,305	NAN	
30,9	-0,177	1,325	NAN	
30,92	-0,1155	1,315	NAN	
30,94	-0,06	1,325	NAN	
30,96	-0,093	1,325	NAN	
30,98	-0,0675	1,32	NAN	
31	0,0045	1,33	NAN	
31,02	-0,1035	1,335	NAN	
31,04	-0,0495	1,33	NAN	
31,06	-0,174	1,335	NAN	
31,08	-0,1005	1,34	NAN	
31,1	-0,111	1,34	NAN	
31,12	-0,033	1,35	NAN	
31,14	-0,036	1,35	NAN	
31,16	-0,129	1,35	NAN	
31,18	-0,1245	1,355	NAN	
31,2	-0,171	1,36	NAN	
31,22	-0,135	1,36	NAN	
31,24	-0,0855	1,375	NAN	
31,26	-0,138	1,365	NAN	
31,28	-0,069	1,365	NAN	
31,3	-0,1005	1,375	NAN	
31,32	-0,1035	1,37	NAN	
31,34	-0,1035	1,38	NAN	
31,36	-0,048	1,375	NAN	
31,38	-0,21	1,38	NAN	
31,4	-0,1815	1,39	NAN	
31,42	-0,147	1,38	NAN	
31,44	-0,063	1,39	NAN	
31,46	-0,09	1,395	NAN	
31,48	-0,0975	1,395	NAN	
31,5	-0,0045	1,4	NAN	
31,52	-0,1845	1,4	NAN	
31,54	-0,159	1,405	NAN	
31,56	-0,099	1,41	NAN	
31,58	-0,1455	1,405	NAN	
31,6	-0,1575	1,41	NAN	
31,62	-0,126	1,42	NAN	
31,64	-0,1485	1,415	NAN	
31,66	-0,1365	1,42	NAN	
31,68	-0,156	1,425	NAN	
31,7	-0,066	1,425	NAN	
31,72	-0,0735	1,43	NAN	
31,74	-0,09	1,43	NAN	
31,76	-0,2205	1,435	NAN	
31,78	-0,174	1,44	NAN	
31,8	-0,1275	1,435	NAN	
31,82	-0,216	1,445	NAN	
31,84	-0,1425	1,45	NAN	
31,86	-0,204	1,445	NAN	
31,88	-0,174	1,45	NAN	
31,9	-0,051	1,45	NAN	
31,92	-0,2565	1,455	NAN	
31,94	-0,24	1,46	NAN	
31,96	-0,1905	1,455	NAN	
31,98	-0,2325	1,465	NAN	
32	-0,1335	1,47	NAN	
32,02	-0,195	1,465	NAN	
32,04	-0,177	1,475	NAN	
32,06	-0,12	1,48	NAN	
32,08	-0,153	1,48	NAN	
32,1	-0,216	1,48	NAN	
32,12	-0,15	1,485	NAN	
32,14	-0,1605	1,49	NAN	
32,16	-0,2805	1,49	NAN	
32,18	-0,2325	1,485	NAN	
32,2	-0,2055	1,495	NAN	
32,22	-0,2115	1,495	NAN	
32,24	-0,1665	1,495	NAN	
32,26	-0,309	1,505	NAN	
32,28	-0,3375	1,51	NAN	
32,3	-0,207	1,505	NAN	
32,32	-0,1515	1,51	NAN	
32,34	-0,177	1,51	NAN	
32,36	-0,222	1,515	NAN	
32,38	-0,201	1,52	NAN	
32,4	-0,2745	1,515	NAN	
32,42	-0,204	1,53	NAN	
32,44	-0,2955	1,53	NAN	
32,46	-0,2625	1,525	NAN	
32,48	-0,2895	1,535	NAN	
32,5	-0,1875	1,54	NAN	
32,52	-0,2475	1,535	NAN	
32,54	-0,2805	1,54	NAN	
32,56	-0,2055	1,54	NAN	
32,58	-0,3075	1,545	NAN	
32,6	-0,216	1,555	NAN	
32,62	-0,18	1,545	NAN	
32,64	-0,291	1,555	NAN	
32,66	-0,267	1,555	NAN	
32,68	-0,261	1,555	NAN	
32,7	-0,3195	1,56	NAN	
32,72	-0,2595	1,565	NAN	
32,74	-0,3105	1,565	NAN	
32,76	-0,2355	1,575	NAN	
32,78	-0,234	1,57	NAN	
32,8	-0,3315	1,575	NAN	
32,82	-0,312	1,585	NAN	
32,84	-0,3255	1,58	NAN	
32,86	-0,261	1,58	NAN	
32,88	-0,3795	1,59	NAN	
32,9	-0,321	1,585	NAN	
32,92	-0,33	1,595	NAN	
32,94	-0,282	1,6	NAN	
32,96	-0,3705	1,595	NAN	
32,98	-0,318	1,595	NAN	
33	-0,3375	1,6	NAN	
33,02	-0,2805	1,605	NAN	
33,04	-0,336	1,61	NAN	
33,06	-0,3165	1,61	NAN	
33,08	-0,384	1,61	NAN	
33,1	-0,279	1,625	NAN	
33,12	-0,3435	1,615	NAN	
33,14	-0,336	1,625	NAN	
33,16	-0,3645	1,635	NAN	
33,18	-0,387	1,625	NAN	
33,2	-0,327	1,63	NAN	
33,22	-0,417	1,635	NAN	
33,24	-0,4245	1,635	NAN	
33,26	-0,5205	1,645	NAN	
33,28	-0,423	1,645	NAN	
33,3	-0,3795	1,65	NAN	
33,32	-0,3945	1,65	NAN	
33,34	-0,423	1,65	NAN	
33,36	-0,507	1,655	NAN	
33,38	-0,486	1,66	NAN	
33,4	-0,411	1,66	NAN	
33,42	-0,468	1,67	NAN	
33,44	-0,4215	1,67	NAN	
33,46	-0,447	1,665	NAN	
33,48	-0,384	1,68	NAN	
33,5	-0,4665	1,68	NAN	
33,52	-0,54	1,68	NAN	
33,54	-0,4065	1,69	NAN	
33,56	-0,4515	1,685	NAN	
33,58	-0,4185	1,69	NAN	
33,6	-0,369	1,7	NAN	
33,62	-0,5205	1,695	NAN	
33,64	-0,4785	1,7	NAN	
33,66	-0,4755	1,705	NAN	
33,68	-0,4725	1,705	NAN	
33,7	-0,5925	1,72	NAN	
33,72	-0,4275	1,71	NAN	
33,74	-0,408	1,71	NAN	
33,76	-0,525	1,715	NAN	
33,78	-0,531	1,72	NAN	
33,8	-0,441	1,715	NAN	
33,82	-0,5475	1,73	NAN	
33,84	-0,582	1,725	NAN	
33,86	-0,5325	1,73	NAN	
33,88	-0,537	1,735	NAN	
33,9	-0,5115	1,73	NAN	
33,92	-0,513	1,74	NAN	
33,94	-0,4755	1,74	NAN	
33,96	-0,5415	1,74	NAN	
33,98	-0,573	1,75	NAN	
34	-0,546	1,75	NAN	
34,02	-0,498	1,745	NAN	
34,04	-0,501	1,76	NAN	
34,06	-0,651	1,755	NAN	
34,08	-0,519	1,755	NAN	
34,1	-0,513	1,765	NAN	
34,12	-0,48	1,76	NAN	
34,14	-0,495	1,77	NAN	
34,16	-0,63	1,775	NAN	
34,18	-0,6555	1,775	NAN	
34,2	-0,642	1,78	NAN	
34,22	-0,7545	1,785	NAN	
34,24	-0,654	1,785	NAN	
34,26	-0,702	1,79	NAN	
34,28	-0,6195	1,8	NAN	
34,3	-0,714	1,79	NAN	
34,32	-0,654	1,795	NAN	
34,34	-0,6555	1,795	NAN	
34,36	-0,6345	1,8	NAN	
34,38	-0,657	1,81	NAN	
34,4	-0,75	1,8	NAN	
34,42	-0,678	1,81	NAN	
34,44	-0,6915	1,815	NAN	
34,46	-0,6585	1,815	NAN	
34,48	-0,759	1,825	NAN	
34,5	-0,7545	1,82	NAN	
34,52	-0,7125	1,825	NAN	
34,54	-0,7335	1,83	NAN	
34,56	-0,6735	1,825	NAN	
34,58	-0,6585	1,835	NAN	
34,6	-0,822	1,84	NAN	
34,62	-0,8355	1,835	NAN	
34,64	-0,8475	1,84	NAN	
34,66	-0,8085	1,85	NAN	
34,68	-0,756	1,85	NAN	
34,7	-0,744	1,86	NAN	
34,72	-0,8355	1,855	NAN	
34,74	-0,7095	1,855	NAN	
34,76	-0,792	1,865	NAN	
34,78	-0,8865	1,86	NAN	
34,8	-0,807	1,87	NAN	
34,82	-0,9075	1,875	NAN	
34,84	-0,867	1,875	NAN	
34,86	-0,8835	1,875	NAN	
34,88	-0,867	1,885	NAN	
34,9	-0,9525	1,88	NAN	
34,92	-0,9855	1,89	NAN	
34,94	-0,9105	1,89	NAN	
34,96	-0,8325	1,89	NAN	
34,98	-0,945	1,895	NAN	
35	-0,9105	1,895	NAN	
35,02	-1,0305	1,905	NAN	
35,04	-1,035	1,91	NAN	
35,06	-0,9615	1,9	NAN	
35,08	-0,957	1,91	NAN	
35,1	-1,0275	1,91	NAN	
35,12	-0,9135	1,915	NAN	
35,14	-1,0155	1,925	NAN	
35,16	-0,909	1,92	NAN	
35,18	-0,9375	1,925	NAN	
35,2	-0,978	1,935	NAN	
35,22	-1,026	1,93	NAN	
35,24	-1,038	1,93	NAN	
35,26	-1,104	1,945	NAN	
35,28	-1,038	1,94	NAN	
35,3	-0,963	1,95	NAN	
35,32	-1,0845	1,95	NAN	
35,34	-1,158	1,95	NAN	
35,36	-0,999	1,95	NAN	
35,38	-1,086	1,955	NAN	
35,4	-1,1355	1,96	NAN	
35,42	-1,1505	1,97	NAN	
35,44	-1,197	1,96	NAN	
35,46	-1,1685	1,975	NAN	
35,48	-1,149	1,98	NAN	
35,5	-1,1625	1,975	NAN	
35,52	-1,053	1,98	NAN	
35,54	-1,2225	1,99	NAN	
35,56	-1,236	1,985	NAN	
35,58	-1,2225	1,99	NAN	
35,6	-1,26	1,995	NAN	
35,62	-1,224	1,995	NAN	
35,64	-1,2	2,005	NAN	
35,66	-1,224	2	NAN	
35,68	-1,2615	2,01	NAN	
35,7	-1,1865	2,01	NAN	
35,72	-1,26	2,015	NAN	
35,74	-1,26	2,02	NAN	
35,76	-1,1475	2,025	NAN	
35,78	-1,218	2,02	NAN	
35,8	-1,2825	2,03	NAN	
35,82	-1,2075	2,03	NAN	
35,84	-1,2615	2,03	NAN	
35,86	-1,278	2,04	NAN	
35,88	-1,314	2,04	NAN	
35,9	-1,215	2,045	NAN	
35,92	-1,209	2,05	NAN	
35,94	-1,269	2,05	NAN	
35,96	-1,323	2,055	NAN	
35,98	-1,173	2,06	NAN	
36	-1,1415	2,055	NAN	
36,02	-1,2195	2,065	NAN	
36,04	-1,2765	2,065	NAN	
36,06	-1,3125	2,065	NAN	
36,08	-1,2045	2,075	NAN	
36,1	-1,2015	2,075	NAN	
36,12	-1,2315	2,08	NAN	
36,14	-1,2075	2,09	NAN	
36,16	-1,2735	2,095	NAN	
36,18	-1,236	2,095	NAN	
36,2	-1,194	2,095	NAN	
36,22	-1,1475	2,09	NAN	
36,24	-1,224	2,1	NAN	
36,26	-1,236	2,105	NAN	
36,28	-1,2	2,105	NAN	
36,3	-1,272	2,11	NAN	
36,32	-1,0515	2,11	NAN	
36,34	-1,221	2,115	NAN	
36,36	-1,248	2,125	NAN	
36,38	-1,1655	2,12	NAN	
36,4	-1,0665	2,13	NAN	
36,42	-1,0815	2,135	NAN	
36,44	-1,059	2,13	NAN	
36,46	-1,0425	2,145	NAN	
36,48	-1,1115	2,14	NAN	
36,5	-1,0905	2,14	NAN	
36,52	-1,068	2,15	NAN	
36,54	-1,035	2,15	NAN	
36,56	-1,065	2,155	NAN	
36,58	-1,026	2,165	NAN	
36,6	-0,969	2,15	NAN	
36,62	-0,9255	2,165	NAN	
36,64	-1,0305	2,17	NAN	
36,66	-1,014	2,17	NAN	
36,68	-1,0125	2,18	NAN	
36,7	-0,9135	2,175	NAN	
36,72	-0,906	2,185	NAN	
36,74	-0,963	2,19	NAN	
36,76	-0,8985	2,19	NAN	
36,78	-0,912	2,205	NAN	
36,8	-0,9675	2,2	NAN	
36,82	-0,9015	2,21	NAN	
36,84	-0,903	2,205	NAN	
36,86	-0,9135	2,205	NAN	
36,88	-0,8955	2,21	NAN	
36,9	-0,9045	2,22	NAN	
36,92	-0,7515	2,215	NAN	
36,94	-0,9	2,225	NAN	
36,96	-0,7815	2,23	NAN	
36,98	-0,6945	2,225	NAN	
37	-0,744	2,235	NAN	
37,02	-0,7695	2,24	NAN	
37,04	-0,7185	2,24	NAN	
37,06	-0,8205	2,25	NAN	
37,08	-0,762	2,245	NAN	
37,1	-0,744	2,255	NAN	
37,12	-0,8355	2,26	NAN	
37,14	-0,747	2,255	NAN	
37,16	-0,7335	2,265	NAN	
37,18	-0,6645	2,275	NAN	
37,2	-0,6495	2,265	NAN	
37,22	-0,711	2,275	NAN	
37,24	-0,651	2,29	NAN	
37,26	-0,615	2,285	NAN	
37,28	-0,663	2,285	NAN	
37,3	-0,6345	2,285	NAN	
37,32	-0,654	2,29	NAN	
37,34	-0,669	2,29	NAN	
37,36	-0,6735	2,295	NAN	
37,38	-0,663	2,305	NAN	
37,4	-0,6675	2,31	NAN	
37,42	-0,6075	2,305	NAN	
37,44	-0,558	2,315	NAN	
37,46	-0,5925	2,315	NAN	
37,48	-0,5955	2,315	NAN	
37,5	-0,4995	2,325	NAN	
37,52	-0,612	2,325	NAN	
37,54	-0,561	2,33	NAN	
37,56	-0,537	2,34	NAN	
37,58	-0,558	2,335	NAN	
37,6	-0,564	2,345	NAN	
37,62	-0,5535	2,345	NAN	
37,64	-0,492	2,345	NAN	
37,66	-0,54	2,365	NAN	
37,68	-0,531	2,355	NAN	
37,7	-0,5595	2,355	NAN	
37,72	-0,5445	2,36	NAN	
37,74	-0,5115	2,36	NAN	
37,76	-0,4995	2,37	NAN	
37,78	-0,4665	2,375	NAN	
37,8	-0,4155	2,37	NAN	
37,82	-0,4905	2,38	NAN	
37,84	-0,495	2,385	NAN	
37,86	-0,531	2,38	NAN	
37,88	-0,501	2,395	NAN	
37,9	-0,444	2,395	NAN	
37,92	-0,3975	2,395	NAN	
37,94	-0,4125	2,405	NAN	
37,96	-0,3585	2,4	NAN	
37,98	-0,375	2,41	NAN	
38	-0,4035	2,415	NAN	
38,02	-0,411	2,415	NAN	
38,04	-0,465	2,415	NAN	
38,06	-0,522	2,425	NAN	
38,08	-0,3975	2,425	NAN	
38,1	-0,363	2,43	NAN	
38,12	-0,333	2,435	NAN	
38,14	-0,3525	2,43	NAN	
38,16	-0,342	2,445	NAN	
38,18	-0,375	2,44	NAN	
38,2	-0,4275	2,445	NAN	
38,22	-0,2865	2,45	NAN	
38,24	-0,366	2,45	NAN	
38,26	-0,4305	2,46	NAN	
38,28	-0,3915	2,465	NAN	
38,3	-0,393	2,46	NAN	
38,32	-0,3495	2,47	NAN	
38,34	-0,3105	2,475	NAN	
38,36	-0,381	2,475	NAN	
38,38	-0,357	2,485	NAN	
38,4	-0,183	2,48	NAN	
38,42	-0,3825	2,49	NAN	
38,44	-0,3105	2,49	NAN	
38,46	-0,339	2,5	NAN	
38,48	-0,321	2,5	NAN	
38,5	-0,4185	2,505	NAN	
38,52	-0,258	2,5	NAN	
38,54	-0,213	2,51	NAN	
38,56	-0,333	2,515	NAN	
38,58	-0,303	2,51	NAN	
38,6	-0,33	2,525	NAN	
38,62	-0,3315	2,525	NAN	
38,64	-0,279	2,525	NAN	
38,66	-0,21	2,53	NAN	
38,68	-0,246	2,53	NAN	
38,7	-0,2325	2,54	NAN	
38,72	-0,357	2,54	NAN	
38,74	-0,24	2,54	NAN	
38,76	-0,222	2,545	NAN	
38,78	-0,3135	2,55	NAN	
38,8	-0,198	2,55	NAN	
38,82	-0,252	2,565	NAN	
38,84	-0,2655	2,555	NAN	
38,86	-0,2355	2,565	NAN	
38,88	-0,2325	2,57	NAN	
38,9	-0,261	2,565	NAN	
38,92	-0,312	2,575	NAN	
38,94	-0,174	2,58	NAN	
38,96	-0,1905	2,575	NAN	
38,98	-0,2565	2,585	NAN	
39	-0,2565	2,59	NAN	
39,02	-0,21	2,59	NAN	
39,04	-0,192	2,595	NAN	
39,06	-0,15	2,595	NAN	
39,08	-0,141	2,605	NAN	
39,1	-0,2565	2,61	NAN	
39,12	-0,207	2,605	NAN	
39,14	-0,2145	2,62	NAN	
39,16	-0,2115	2,615	NAN	
39,18	-0,12	2,61	NAN	
39,2	-0,171	2,625	NAN	
39,22	-0,2865	2,625	NAN	
39,24	-0,1395	2,625	NAN	
39,26	-0,189	2,635	NAN	
39,28	-0,162	2,635	NAN	
39,3	-0,132	2,635	NAN	
39,32	-0,141	2,66	NAN	
39,34	-0,1575	2,645	NAN	
39,36	-0,2175	2,645	NAN	
39,38	-0,2775	2,655	NAN	
39,4	-0,0975	2,655	NAN	
39,42	-0,1935	2,66	NAN	
39,44	-0,207	2,665	NAN	
39,46	-0,1635	2,66	NAN	
39,48	-0,177	2,675	NAN	
39,5	-0,2595	2,67	NAN	
39,52	-0,099	2,675	NAN	
39,54	-0,2235	2,685	NAN	
39,56	-0,1335	2,68	NAN	
39,58	-0,0795	2,68	NAN	
39,6	-0,138	2,69	NAN	
39,62	-0,123	2,685	NAN	
39,64	-0,0795	2,695	NAN	
39,66	-0,012	2,7	NAN	
39,68	-0,147	2,7	NAN	
39,7	-0,078	2,71	NAN	
39,72	-0,081	2,705	NAN	
39,74	-0,135	2,71	NAN	
39,76	-0,144	2,71	NAN	
39,78	-0,087	2,715	NAN	
39,8	-0,177	2,72	NAN	
39,82	-0,123	2,725	NAN	
39,84	-0,0945	2,725	NAN	
39,86	-0,165	2,725	NAN	
39,88	-0,162	2,735	NAN	
39,9	-0,063	2,735	NAN	
39,92	-0,198	2,74	NAN	
39,94	-0,1875	2,74	NAN	
39,96	-0,0435	2,75	NAN	
39,98	-0,0915	2,76	NAN	
40	-0,123	2,75	NAN	
40,02	-0,057	2,76	NAN	
40,04	-0,1095	2,765	NAN	
40,06	-0,1275	2,77	NAN	
40,08	-0,048	2,775	NAN	
40,1	-0,057	2,765	NAN	
40,12	-0,1575	2,775	NAN	
40,14	-0,102	2,78	NAN	
40,16	-0,069	2,78	NAN	
40,18	-0,027	2,785	NAN	
40,2	-0,054	2,79	NAN	
40,22	-0,0885	2,785	NAN	
40,24	-0,0375	2,795	NAN	
40,26	-0,1575	2,795	NAN	
40,28	0,012	2,8	NAN	
40,3	-0,0495	2,805	NAN	
40,32	-0,0795	2,8	NAN	
40,34	-0,0915	2,81	NAN	
40,36	-0,108	2,815	NAN	
40,38	-0,1575	2,815	NAN	
40,4	-0,0315	2,82	NAN	
40,42	-0,1035	2,825	NAN	
40,44	-0,0945	2,83	NAN	
40,46	-0,117	2,835	NAN	
40,48	-0,0915	2,825	NAN	
40,5	-0,0525	2,835	NAN	
40,52	0,0255	2,845	NAN	
40,54	-0,1035	2,84	NAN	
40,56	-0,123	2,85	NAN	
40,58	0,027	2,85	NAN	
40,6	0,0285	2,85	NAN	
40,62	-0,0825	2,855	NAN	
40,64	-0,0015	2,865	NAN	
40,66	-0,09	2,865	NAN	
40,68	0,0225	2,87	NAN	
40,7	-0,0345	2,865	NAN	
40,72	-0,072	2,87	NAN	
40,74	-0,084	2,89	NAN	
40,76	-0,027	2,87	NAN	
40,78	0,033	2,88	NAN	
40,8	-0,048	2,885	NAN	
40,82	0,0375	2,885	NAN	
40,84	-0,1335	2,895	NAN	
40,86	-0,081	2,895	NAN	
40,88	-0,0075	2,895	NAN	
40,9	-0,0345	2,905	NAN	
40,92	-0,045	2,905	NAN	
40,94	0,021	2,91	NAN	
40,96	-0,039	2,91	NAN	
40,98	-0,0525	2,91	NAN	
41	-0,069	2,92	NAN	
41,02	-0,0705	2,92	NAN	
41,04	0,027	2,92	NAN	
41,06	-0,006	2,93	NAN	
41,08	-0,0285	2,925	NAN	
41,1	-0,003	2,93	NAN	
41,12	0,0705	2,935	NAN	
41,14	-0,063	2,935	NAN	
41,16	0,057	2,935	NAN	
41,18	0,0015	2,94	NAN	
41,2	-0,027	2,94	NAN	
41,22	-0,0285	2,95	NAN	
41,24	-0,036	2,955	NAN	
41,26	0,015	2,95	NAN	
41,28	-0,0165	2,955	NAN	
41,3	-0,06	2,965	NAN	
41,32	0,0135	2,96	NAN	
41,34	0,114	2,97	NAN	
41,36	-0,084	2,96	NAN	
41,38	0,0135	2,97	NAN	
41,4	-0,0375	2,975	NAN	
41,42	0,0465	2,97	NAN	
41,44	-0,048	2,98	NAN	
41,46	-0,0075	2,985	NAN	
41,48	-0,033	2,985	NAN	
41,5	0,0105	2,99	NAN	
41,52	0,075	3	NAN	
41,54	0,0945	2,995	NAN	
41,56	-0,0075	3	NAN	
41,58	0,0405	3	NAN	
41,6	-0,0315	3,005	NAN	
41,62	0,0285	3,01	NAN	
41,64	-0,0075	3,005	NAN	
41,66	0,0795	3,015	NAN	
41,68	-0,003	3,02	NAN	
41,7	0,042	3,015	NAN	
41,72	0,0345	3,025	NAN	
41,74	-0,009	3,025	NAN	
41,76	0,0585	3,025	NAN	
41,78	-0,0015	3,035	NAN	
41,8	0,003	3,035	NAN	
41,82	0,0435	3,035	NAN	
41,84	0,0585	3,05	NAN	
41,86	0,027	3,04	NAN	
41,88	-0,018	3,05	NAN	
41,9	0,009	3,055	NAN	
41,92	-0,0015	3,05	NAN	
41,94	0,0045	3,055	NAN	
41,96	0,105	3,06	NAN	
41,98	-0,015	3,06	NAN	
42	0,0825	3,065	NAN	
42,02	0,111	3,065	NAN	
42,04	-0,018	3,07	NAN	
42,06	0,0705	3,075	NAN	
42,08	0,1095	3,07	NAN	
42,1	0,042	3,08	NAN	
42,12	-0,0105	3,08	NAN	
42,14	0,042	3,085	NAN	
42,16	0,12	3,09	NAN	
42,18	0,03	3,085	NAN	
42,2	0,096	3,09	NAN	
42,22	0,0765	3,1	NAN	
42,24	0,042	3,09	NAN	
42,26	0,027	3,1	NAN	
42,28	0	3,095	NAN	
42,3	-0,021	3,105	NAN	
42,32	0,108	3,12	NAN	
42,34	0,0735	3,11	NAN	
42,36	0,1395	3,115	NAN	
42,38	0,084	3,12	NAN	
42,4	-0,0195	3,115	NAN	
42,42	0,03	3,125	NAN	
42,44	0,009	3,125	NAN	
42,46	0,0255	3,125	NAN	
42,48	0,1335	3,13	NAN	
42,5	0,009	3,14	NAN	
42,52	0,0345	3,145	NAN	
42,54	-0,084	3,145	NAN	
42,56	0,1065	3,14	NAN	
42,58	0,0165	3,15	NAN	
42,6	0,1035	3,15	NAN	
42,62	0,0705	3,145	NAN	
42,64	0,117	3,155	NAN	
42,66	0,03	3,16	NAN	
42,68	0,0765	3,155	NAN	
42,7	0,069	3,165	NAN	
42,72	0,0075	3,16	NAN	
42,74	0,111	3,17	NAN	
42,76	0,051	3,17	NAN	
42,78	-0,024	3,17	NAN	
42,8	0,0135	3,175	NAN	
42,82	0,09	3,18	NAN	
42,84	0,0525	3,17	NAN	
42,86	0,1365	3,185	NAN	
42,88	0,1005	3,185	NAN	
42,9	0,102	3,185	NAN	
42,92	0,0225	3,19	NAN	
42,94	0,117	3,185	NAN	
42,96	0,021	3,2	NAN	
42,98	0,078	3,2	NAN	
43	0,1065	3,2	NAN	
43,02	0,138	3,2	NAN	
43,04	0,087	3,205	NAN	
43,06	0,1095	3,2	NAN	
43,08	0	3,215	NAN	
43,1	0,003	3,205	NAN	
43,12	0,1245	3,215	NAN	
43,14	0,1515	3,215	NAN	
43,16	-0,003	3,215	NAN	
43,18	0,015	3,22	NAN	
43,2	0,03	3,225	NAN	
43,22	0,0555	3,22	NAN	
43,24	0,2295	3,23	NAN	
43,26	0,0315	3,225	NAN	
43,28	0,057	3,23	NAN	
43,3	0,132	3,235	NAN	
43,32	0,117	3,23	NAN	
43,34	0,0435	3,24	NAN	
43,36	0,0645	3,245	NAN	
43,38	0,0465	3,24	NAN	
43,4	0,129	3,245	NAN	
43,42	0,0825	3,245	NAN	
43,44	0,105	3,25	NAN	
43,46	0,1455	3,255	NAN	
43,48	0,093	3,25	NAN	
43,5	0,111	3,255	NAN	
43,52	0,1935	3,26	NAN	
43,54	0,063	3,255	NAN	
43,56	0,1515	3,265	NAN	
43,58	-0,003	3,265	NAN	
43,6	0,0645	3,265	NAN	
43,62	0,102	3,275	NAN	
43,64	0,0765	3,27	NAN	
43,66	0,117	3,275	NAN	
43,68	0,0885	3,28	NAN	
43,7	0,0645	3,275	NAN	
43,72	0,1095	3,29	NAN	
43,74	0,096	3,285	NAN	
43,76	0,075	3,29	NAN	
43,78	0,2325	3,295	NAN	
43,8	0,153	3,295	NAN	
43,82	0,1065	3,3	NAN	
43,84	0,105	3,3	NAN	
43,86	0,0705	3,3	NAN	
43,88	0,045	3,305	NAN	
43,9	0,0555	3,31	NAN	
43,92	0,117	3,31	NAN	
43,94	0,105	3,315	NAN	
43,96	0,054	3,315	NAN	
43,98	0,0555	3,32	NAN	
44	0,171	3,32	NAN	
44,02	0,063	3,32	NAN	
44,04	0,123	3,325	NAN	
44,06	0,1005	3,33	NAN	
44,08	0,0885	3,325	NAN	
44,1	0,0675	3,335	NAN	
44,12	0,126	3,33	NAN	
44,14	0,0765	3,335	NAN	
44,16	0,279	3,345	NAN	
44,18	0,084	3,34	NAN	
44,2	0,1155	3,345	NAN	
44,22	0,1635	3,35	NAN	
44,24	0,2055	3,345	NAN	
44,26	0,1755	3,355	NAN	
44,28	0,1365	3,36	NAN	
44,3	0,156	3,355	NAN	
44,32	0,1305	3,36	NAN	
44,34	0,168	3,36	NAN	
44,36	0,075	3,37	NAN	
44,38	0,159	3,375	NAN	
44,4	0,039	3,37	NAN	
44,42	0,108	3,375	NAN	
44,44	0,165	3,38	NAN	
44,46	0,0525	3,375	NAN	
44,48	0,1065	3,385	NAN	
44,5	0,0765	3,38	NAN	
44,52	0,0615	3,39	NAN	
44,54	0,0885	3,395	NAN	
44,56	0,114	3,385	NAN	
44,58	-0,0225	3,395	NAN	
44,6	0,0615	3,4	NAN	
44,62	0,0945	3,4	NAN	
44,64	0,156	3,405	NAN	
44,66	0,1155	3,41	NAN	
44,68	0,2535	3,405	NAN	
44,7	0,213	3,415	NAN	
44,72	0,261	3,41	NAN	
44,74	0,087	3,415	NAN	
44,76	0,0405	3,42	NAN	
44,78	0,117	3,42	NAN	
44,8	0,033	3,425	NAN	
44,82	0,075	3,425	NAN	
44,84	0,099	3,43	NAN	
44,86	0,1125	3,435	NAN	
44,88	0,102	3,44	NAN	
44,9	0,138	3,44	NAN	
44,92	0,1695	3,445	NAN	
44,94	0,1665	3,44	NAN	
44,96	0,078	3,45	NAN	
44,98	0,1545	3,45	NAN	
45	0,234	3,45	NAN	
45,02	0,0165	3,455	NAN	
45,04	0,141	3,46	NAN	
45,06	0,1155	3,46	NAN	
45,08	0,1725	3,465	NAN	
45,1	0,0555	3,465	NAN	
45,12	0,0975	3,465	NAN	
45,14	0,2025	3,47	NAN	
45,16	0,09	3,47	NAN	
45,18	0,138	3,48	NAN	
45,2	0,1275	3,48	NAN	
45,22	-0,0075	3,475	NAN	
45,24	0,234	3,49	NAN	
45,26	0,0675	3,49	NAN	
45,28	0,2115	3,49	NAN	
45,3	0,1575	3,495	NAN	
45,32	0,087	3,495	NAN	
45,34	0,165	3,495	NAN	
45,36	0,1545	3,5	NAN	
45,38	0,1395	3,5	NAN	
45,4	0,0105	3,505	NAN	
45,42	0,153	3,51	NAN	
45,44	0,069	3,505	NAN	
45,46	0,147	3,515	NAN	
45,48	0,0975	3,515	NAN	
45,5	0,195	3,515	NAN	
45,52	0,0585	3,515	NAN	
45,54	0,129	3,52	NAN	
45,56	0,129	3,525	NAN	
45,58	0,2205	3,53	NAN	
45,6	0,192	3,525	NAN	
45,62	0,102	3,535	NAN	
45,64	0,156	3,535	NAN	
45,66	0,138	3,535	NAN	
45,68	0,1365	3,545	NAN	
45,7	0,156	3,545	NAN	
45,72	0,135	3,545	NAN	
45,74	0,081	3,555	NAN	
45,76	0,09	3,55	NAN	
45,78	0,108	3,56	NAN	
45,8	0,1605	3,56	NAN	
45,82	0,1095	3,56	NAN	
45,84	0,1785	3,565	NAN	
45,86	0,225	3,565	NAN	
45,88	0,2055	3,565	NAN	
45,9	0,114	3,575	NAN	
45,92	0,1245	3,57	NAN	
45,94	0,189	3,575	NAN	
45,96	0,1785	3,58	NAN	
45,98	0,081	3,58	NAN	
46	0,084	3,59	NAN	
46,02	-0,009	3,59	NAN	
46,04	0,126	3,59	NAN	
46,06	0,1455	3,595	NAN	
46,08	0,1785	3,59	NAN	
46,1	0,0705	3,605	NAN	
46,12	0,21	3,605	NAN	
46,14	0,1785	3,605	NAN	
46,16	0,1785	3,61	NAN	
46,18	0,1035	3,61	NAN	
46,2	0,144	3,61	NAN	
46,22	0,1845	3,615	NAN	
46,24	0,1125	3,615	NAN	
46,26	0,0675	3,625	NAN	
46,28	0,084	3,625	NAN	
46,3	0,171	3,62	NAN	
46,32	0,1605	3,63	NAN	
46,34	0,096	3,63	NAN	
46,36	0,168	3,63	NAN	
46,38	0,198	3,64	NAN	
46,4	0,18	3,635	NAN	
46,42	0,2775	3,645	NAN	
46,44	0,102	3,65	NAN	
46,46	0,066	3,645	NAN	
46,48	0,129	3,65	NAN	
46,5	0,177	3,655	NAN	
46,52	0,258	3,65	NAN	
46,54	0,2355	3,665	NAN	
46,56	0,1425	3,66	NAN	
46,58	0,2085	3,665	NAN	
46,6	0,1635	3,665	NAN	
46,62	0,1575	3,665	NAN	
46,64	0,216	3,67	NAN	
46,66	0,1635	3,675	NAN	
46,68	0,1275	3,675	NAN	
46,7	0,186	3,68	NAN	
46,72	0,051	3,685	NAN	
46,74	0,1425	3,68	NAN	
46,76	0,1305	3,695	NAN	
46,78	0,1605	3,69	NAN	
46,8	0,1755	3,695	NAN	
46,82	0,1665	3,7	NAN	
46,84	0,246	3,7	NAN	
46,86	0,2445	3,705	NAN	
46,88	0,216	3,705	NAN	
46,9	0,1995	3,705	NAN	
46,92	0,1635	3,715	NAN	
46,94	0,1455	3,715	NAN	
46,96	0,1665	3,72	NAN	
46,98	0,2235	3,725	NAN	
47	0,1755	3,725	NAN	
47,02	0,0705	3,725	NAN	
47,04	0,1545	3,735	NAN	
47,06	0,1905	3,735	NAN	
47,08	0,111	3,735	NAN	
47,1	0,171	3,74	NAN	
47,12	0,105	3,74	NAN	
47,14	0,1755	3,75	NAN	
47,16	0,1665	3,75	NAN	
47,18	0,1785	3,755	NAN	
47,2	0,1575	3,755	NAN	
47,22	0,1665	3,755	NAN	
47,24	0,204	3,765	NAN	
47,26	0,1275	3,77	NAN	
47,28	0,195	3,77	NAN	
47,3	0,1695	3,775	NAN	
47,32	0,129	3,785	NAN	
47,34	0,156	3,78	NAN	
47,36	0,111	3,785	NAN	
47,38	0,141	3,78	NAN	
47,4	0,2475	3,79	NAN	
47,42	0,102	3,79	NAN	
47,44	0,183	3,79	NAN	
47,46	0,156	3,8	NAN	
47,48	0,213	3,805	NAN	
47,5	0,279	3,8	NAN	
47,52	0,2175	3,81	NAN	
47,54	0,192	3,81	NAN	
47,56	0,2385	3,81	NAN	
47,58	0,1575	3,82	NAN	
47,6	0,183	3,815	NAN	
47,62	0,183	3,825	NAN	
47,64	0,1185	3,82	NAN	
47,66	0,1095	3,83	NAN	
47,68	0,168	3,835	NAN	
47,7	0,1185	3,835	NAN	
47,72	0,087	3,835	NAN	
47,74	0,198	3,845	NAN	
47,76	0,1845	3,835	NAN	
47,78	0,1215	3,845	NAN	
47,8	0,1635	3,85	NAN	
47,82	0,2475	3,845	NAN	
47,84	0,237	3,855	NAN	
47,86	0,228	3,86	NAN	
47,88	0,264	3,86	NAN	
47,9	0,237	3,865	NAN	
47,92	0,186	3,87	NAN	
47,94	0,0945	3,87	NAN	
47,96	0,048	3,875	NAN	
47,98	0,159	3,87	NAN	
48	0,1305	3,88	NAN	
48,02	0,156	3,885	NAN	
48,04	0,1635	3,88	NAN	
48,06	0,168	3,895	NAN	
48,08	0,288	3,89	NAN	
48,1	0,1695	3,895	NAN	
48,12	0,084	3,9	NAN	
48,14	0,2385	3,9	NAN	
48,16	0,15	3,91	NAN	
48,18	0,2115	3,91	NAN	
48,2	0,1065	3,915	NAN	
48,22	0,1005	3,91	NAN	
48,24	0,129	3,91	NAN	
48,26	0,057	3,92	NAN	
48,28	0,099	3,92	NAN	
48,3	0,189	3,925	NAN	
48,32	0,1545	3,925	NAN	
48,34	0,123	3,935	NAN	
48,36	0,141	3,925	NAN	
48,38	0,1155	3,94	NAN	
48,4	0,1545	3,94	NAN	
48,42	0,096	3,935	NAN	
48,44	0,1575	3,945	NAN	
48,46	0,2745	3,945	NAN	
48,48	0,234	3,955	NAN	
48,5	0,24	3,96	NAN	
48,52	0,2565	3,955	NAN	
48,54	0,1215	3,965	NAN	
48,56	0,0825	3,965	NAN	
48,58	0,207	3,96	NAN	
48,6	0,186	3,97	NAN	
48,62	0,1785	3,97	NAN	
48,64	0,1125	3,975	NAN	
48,66	0,1455	3,98	NAN	
48,68	0,225	3,985	NAN	
48,7	0,21	3,985	NAN	
48,72	0,1245	3,99	NAN	
48,74	0,2205	3,985	NAN	
48,76	0,108	3,995	NAN	
48,78	0,063	3,995	NAN	
48,8	0,108	4	NAN	
48,82	0,15	4,005	NAN	
48,84	0,2115	4,005	NAN	
48,86	0,255	4,01	NAN	
48,88	0,216	4,02	NAN	
48,9	0,2175	4,01	NAN	
48,92	0,1185	4,015	NAN	
48,94	0,1395	4,02	NAN	
48,96	0,186	4,02	NAN	
48,98	0,2655	4,03	NAN	
49	0,2265	4,03	NAN	
49,02	0,3255	4,03	NAN	
49,04	0,123	4,04	NAN	
49,06	0,231	4,035	NAN	
49,08	0,213	4,04	NAN	
49,1	0,24	4,045	NAN	
49,12	0,1365	4,045	NAN	
49,14	0,132	4,05	NAN	
49,16	0,123	4,055	NAN	
49,18	0,1995	4,055	NAN	
49,2	0,249	4,06	NAN	
49,22	0,144	4,055	NAN	
49,24	0,171	4,06	NAN	
49,26	0,1395	4,07	NAN	
49,28	0,159	4,065	NAN	
49,3	0,252	4,07	NAN	
49,32	0,1725	4,075	NAN	
49,34	0,2415	4,075	NAN	
49,36	0,216	4,085	NAN	
49,38	0,2445	4,08	NAN	
49,4	0,1815	4,085	NAN	
49,42	0,3075	4,09	NAN	
49,44	0,2325	4,09	NAN	
49,46	0,111	4,095	NAN	
49,48	0,1095	4,1	NAN	
49,5	0,099	4,09	NAN	
49,52	0,126	4,105	NAN	
49,54	0,267	4,105	NAN	
49,56	0,1185	4,105	NAN	
49,58	0,087	4,115	NAN	
49,6	0,1065	4,115	NAN	
49,62	0,192	4,12	NAN	
49,64	0,3165	4,135	NAN	
49,66	0,2385	4,12	NAN	
49,68	0,216	4,125	NAN	
49,7	0,219	4,13	NAN	
49,72	0,1605	4,125	NAN	
49,74	0,1725	4,135	NAN	
49,76	0,1755	4,135	NAN	
49,78	0,3495	4,14	NAN	
49,8	0,117	4,145	NAN	
49,82	0,2025	4,145	NAN	
49,84	0,204	4,145	NAN	
49,86	0,0585	4,155	NAN	
49,88	0,1185	4,145	NAN	
49,9	0,2625	4,155	NAN	
49,92	0,0945	4,16	NAN	
49,94	0,087	4,16	NAN	
49,96	0,1755	4,17	NAN	
49,98	0,267	4,165	NAN	
50	0,186	4,17	NAN	
50,02	0,177	4,175	NAN	
50,04	0,1155	4,17	NAN	
50,06	0,222	4,175	NAN	
50,08	0,249	4,185	NAN	
50,1	0,309	4,18	NAN	
50,12	0,081	4,185	NAN	
50,14	0,1035	4,195	NAN	
50,16	0,2085	4,185	NAN	
50,18	0,2715	4,2	NAN	
50,2	0,1455	4,195	NAN	
50,22	0,132	4,2	NAN	
50,24	0,2085	4,205	NAN	
50,26	0,192	4,2	NAN	
50,28	0,132	4,21	NAN	
50,3	0,144	4,21	NAN	
50,32	0,1215	4,205	NAN	
50,34	0,2025	4,215	NAN	
50,36	0,105	4,22	NAN	
50,38	0,171	4,215	NAN	
50,4	0,2055	4,22	NAN	
50,42	0,21	4,225	NAN	
50,44	0,1395	4,23	NAN	
50,46	0,132	4,235	NAN	
50,48	0,2295	4,235	NAN	
50,5	0,129	4,235	NAN	
50,52	0,2565	4,245	NAN	
50,54	0,156	4,235	NAN	
50,56	0,096	4,25	NAN	
50,58	0,2625	4,25	NAN	
50,6	0,2085	4,25	NAN	
50,62	0,129	4,255	NAN	
50,64	0,0495	4,255	NAN	
50,66	0,1725	4,26	NAN	
50,68	0,174	4,27	NAN	
50,7	0,207	4,265	NAN	
50,72	0,1635	4,275	NAN	
50,74	0,231	4,27	NAN	
50,76	0,249	4,275	NAN	
50,78	0,2415	4,28	NAN	
50,8	0,24	4,285	NAN	
50,82	0,2055	4,28	NAN	
50,84	0,1605	4,29	NAN	
50,86	0,165	4,29	NAN	
50,88	0,189	4,295	NAN	
50,9	0,2025	4,3	NAN	
50,92	0,165	4,29	NAN	
50,94	0,2055	4,3	NAN	
50,96	0,2475	4,305	NAN	
50,98	0,1005	4,3	NAN	
51	0,2955	4,31	NAN	
51,02	0,228	4,315	NAN	
51,04	0,2145	4,31	NAN	
51,06	0,27	4,315	NAN	
51,08	0,072	4,32	NAN	
51,1	0,204	4,325	NAN	
51,12	0,351	4,325	NAN	
51,14	0,1545	4,33	NAN	
51,16	0,0885	4,33	NAN	
51,18	0,1065	4,335	NAN	
51,2	0,2085	4,33	NAN	
51,22	0,1455	4,335	NAN	
51,24	0,096	4,345	NAN	
51,26	0,1725	4,34	NAN	
51,28	0,1725	4,345	NAN	
51,3	0,249	4,35	NAN	
51,32	0,1905	4,35	NAN	
51,34	0,222	4,36	NAN	
51,36	0,186	4,36	NAN	
51,38	0,2085	4,355	NAN	
51,4	0,312	4,365	NAN	
51,42	0,156	4,36	NAN	
51,44	0,2535	4,37	NAN	
51,46	0,177	4,375	NAN	
51,48	0,243	4,37	NAN	
51,5	0,2205	4,375	NAN	
51,52	0,1965	4,38	NAN	
51,54	0,162	4,38	NAN	
51,56	0,1545	4,385	NAN	
51,58	0,138	4,385	NAN	
51,6	0,0405	4,385	NAN	
51,62	0,2175	4,395	NAN	
51,64	0,186	4,39	NAN	
51,66	0,2775	4,4	NAN	
51,68	0,1245	4,4	NAN	
51,7	0,153	4,395	NAN	
51,72	0,1755	4,405	NAN	
51,74	0,2175	4,41	NAN	
51,76	0,2205	4,405	NAN	
51,78	0,21	4,415	NAN	
51,8	0,2085	4,415	NAN	
51,82	0,174	4,415	NAN	
51,84	0,2145	4,42	NAN	
51,86	0,231	4,43	NAN	
51,88	0,3495	4,42	NAN	
51,9	0,2865	4,43	NAN	
51,92	0,2715	4,44	NAN	
51,94	0,288	4,435	NAN	
51,96	0,2295	4,435	NAN	
51,98	0,1575	4,44	NAN	
52	0,1545	4,43	NAN	
52,02	0,2415	4,445	NAN	
52,04	0,1635	4,45	NAN	
52,06	0,2115	4,455	NAN	
52,08	0,2985	4,45	NAN	
52,1	0,177	4,46	NAN	
52,12	0,21	4,46	NAN	
52,14	0,2445	4,46	NAN	
52,16	0,3045	4,465	NAN	
52,18	0,1215	4,47	NAN	
52,2	0,21	4,465	NAN	
52,22	0,1965	4,48	NAN	
52,24	0,216	4,475	NAN	
52,26	0,2055	4,475	NAN	
52,28	0,144	4,48	NAN	
52,3	0,2745	4,49	NAN	
52,32	0,1935	4,48	NAN	
52,34	0,294	4,485	NAN	
52,36	0,1815	4,495	NAN	
52,38	0,2235	4,49	NAN	
52,4	0,279	4,495	NAN	
52,42	0,225	4,505	NAN	
52,44	0,2145	4,5	NAN	
52,46	0,09	4,505	NAN	
52,48	0,2445	4,515	NAN	
52,5	0,174	4,51	NAN	
52,52	0,213	4,515	NAN	
52,54	0,0735	4,515	NAN	
52,56	0,285	4,525	NAN	
52,58	0,255	4,52	NAN	
52,6	0,195	4,525	NAN	
52,62	0,1665	4,525	NAN	
52,64	0,1635	4,53	NAN	
52,66	0,1155	4,535	NAN	
52,68	0,1065	4,53	NAN	
52,7	0,129	4,54	NAN	
52,72	0,1605	4,54	NAN	
52,74	0,285	4,535	NAN	
52,76	0,2805	4,545	NAN	
52,78	0,2295	4,545	NAN	
52,8	0,138	4,545	NAN	
52,82	0,2685	4,555	NAN	
52,84	0,198	4,555	NAN	
52,86	0,306	4,555	NAN	
52,88	0,204	4,565	NAN	
52,9	0,2055	4,565	NAN	
52,92	0,1905	4,565	NAN	
52,94	0,1905	4,57	NAN	
52,96	0,1125	4,57	NAN	
52,98	0,1755	4,575	NAN	
53	0,2685	4,58	NAN	
53,02	0,1695	4,575	NAN	
53,04	0,1335	4,58	NAN	
