MIN=0	-3	-10	0	
MAX=160	3	10	25	
SCALE=50	1	5	10	
DEC=2	3	2	3	
DEF="Zeit" t / s	"Spannung" U_A1 / V	"Spannung" U_B1 / V	"Frequenz" f / Hz	
0	0,165	5,495	NAN	
0,02	0,2175	5,49	NAN	
0,04	0,2235	5,495	NAN	
0,06	0,1335	5,495	NAN	
0,08	0,2325	5,495	NAN	
0,1	0,114	5,505	NAN	
0,12	0,159	5,495	NAN	
0,14	0,201	5,51	NAN	
0,16	0,1845	5,5	NAN	
0,18	0,12	5,505	NAN	
0,2	0,165	5,51	NAN	
0,22	0,171	5,505	NAN	
0,24	0,147	5,515	NAN	
0,26	0,192	5,505	NAN	
0,28	0,156	5,51	NAN	
0,3	0,1125	5,51	NAN	
0,32	0,1275	5,51	NAN	
0,34	0,117	5,52	NAN	
0,36	0,132	5,51	NAN	
0,38	0,1845	5,515	NAN	
0,4	0,1605	5,53	NAN	
0,42	0,165	5,525	NAN	
0,44	0,189	5,535	NAN	
0,46	0,1485	5,52	NAN	
0,48	0,1875	5,525	NAN	
0,5	0,1575	5,53	NAN	
0,52	0,159	5,525	NAN	
0,54	0,186	5,535	NAN	
0,56	0,129	5,525	NAN	
0,58	0,105	5,535	NAN	
0,6	0,084	5,535	NAN	
0,62	0,207	5,535	NAN	
0,64	0,1155	5,54	NAN	
0,66	0,2025	5,535	NAN	
0,68	0,1005	5,545	NAN	
0,7	0,171	5,54	NAN	
0,72	0,1365	5,54	NAN	
0,74	0,1035	5,545	NAN	
0,76	0,1485	5,54	NAN	
0,78	0,2115	5,55	NAN	
0,8	0,159	5,545	NAN	
0,82	0,141	5,55	NAN	
0,84	0,1005	5,555	NAN	
0,86	0,084	5,55	NAN	
0,88	0,138	5,55	NAN	
0,9	0,189	5,555	NAN	
0,92	0,138	5,555	NAN	
0,94	0,1185	5,56	NAN	
0,96	0,1875	5,555	NAN	
0,98	0,1455	5,565	NAN	
1	0,132	5,555	NAN	
1,02	0,129	5,565	NAN	
1,04	0,1935	5,565	NAN	
1,06	0,1695	5,565	NAN	
1,08	0,1095	5,57	NAN	
1,1	0,141	5,565	NAN	
1,12	0,18	5,57	NAN	
1,14	0,1125	5,57	NAN	
1,16	0,117	5,575	NAN	
1,18	0,1995	5,58	NAN	
1,2	0,1485	5,57	NAN	
1,22	0,135	5,58	NAN	
1,24	0,1425	5,575	NAN	
1,26	0,114	5,58	NAN	
1,28	0,1905	5,585	NAN	
1,3	0,0135	5,58	NAN	
1,32	0,1275	5,59	NAN	
1,34	0,1125	5,58	NAN	
1,36	0,177	5,585	NAN	
1,38	0,1965	5,59	NAN	
1,4	0,183	5,585	NAN	
1,42	0,0885	5,59	NAN	
1,44	0,1905	5,585	NAN	
1,46	0,1515	5,59	NAN	
1,48	0,147	5,595	NAN	
1,5	0,168	5,595	NAN	
1,52	0,1815	5,6	NAN	
1,54	0,2055	5,59	NAN	
1,56	0,1035	5,6	NAN	
1,58	0,0975	5,595	NAN	
1,6	0,0825	5,6	NAN	
1,62	0,0885	5,6	NAN	
1,64	0,114	5,6	NAN	
1,66	0,1035	5,605	NAN	
1,68	0,195	5,605	NAN	
1,7	0,177	5,605	NAN	
1,72	0,087	5,61	NAN	
1,74	0,153	5,605	NAN	
1,76	0,0795	5,615	NAN	
1,78	0,1485	5,61	NAN	
1,8	0,1395	5,615	NAN	
1,82	0,144	5,615	NAN	
1,84	0,1785	5,61	NAN	
1,86	0,1425	5,62	NAN	
1,88	0,1935	5,615	NAN	
1,9	0,1395	5,62	NAN	
1,92	0,1725	5,62	NAN	
1,94	0,1545	5,615	NAN	
1,96	0,174	5,625	NAN	
1,98	0,1395	5,625	NAN	
2	0,1365	5,625	NAN	
2,02	0,1725	5,625	NAN	
2,04	0,153	5,625	NAN	
2,06	0,1275	5,625	NAN	
2,08	0,1575	5,625	NAN	
2,1	0,1725	5,63	NAN	
2,12	0,2025	5,63	NAN	
2,14	0,2115	5,63	NAN	
2,16	0,1635	5,64	NAN	
2,18	0,195	5,63	NAN	
2,2	0,186	5,635	NAN	
2,22	0,168	5,635	NAN	
2,24	0,1965	5,63	NAN	
2,26	0,183	5,64	NAN	
2,28	0,1965	5,63	NAN	
2,3	0,186	5,645	NAN	
2,32	0,1695	5,64	NAN	
2,34	0,1515	5,64	NAN	
2,36	0,2145	5,645	NAN	
2,38	0,174	5,635	NAN	
2,4	0,1305	5,645	NAN	
2,42	0,252	5,64	NAN	
2,44	0,177	5,645	NAN	
2,46	0,1965	5,65	NAN	
2,48	0,15	5,645	NAN	
2,5	0,1965	5,655	NAN	
2,52	0,165	5,65	NAN	
2,54	0,237	5,65	NAN	
2,56	0,159	5,655	NAN	
2,58	0,2205	5,65	NAN	
2,6	0,096	5,655	NAN	
2,62	0,1515	5,65	NAN	
2,64	0,1965	5,655	NAN	
2,66	0,147	5,66	NAN	
2,68	0,1575	5,65	NAN	
2,7	0,1815	5,66	NAN	
2,72	0,1665	5,65	NAN	
2,74	0,1755	5,66	NAN	
2,76	0,1605	5,66	NAN	
2,78	0,195	5,66	NAN	
2,8	0,1425	5,665	NAN	
2,82	0,156	5,66	NAN	
2,84	0,117	5,665	NAN	
2,86	0,1485	5,665	NAN	
2,88	0,102	5,665	NAN	
2,9	0,168	5,67	NAN	
2,92	0,1365	5,66	NAN	
2,94	0,126	5,665	NAN	
2,96	0,1995	5,67	NAN	
2,98	0,087	5,67	NAN	
3	0,174	5,675	NAN	
3,02	0,2025	5,665	NAN	
3,04	0,21	5,675	NAN	
3,06	0,168	5,67	NAN	
3,08	0,1395	5,675	NAN	
3,1	0,162	5,68	NAN	
3,12	0,2115	5,67	NAN	
3,14	0,213	5,68	NAN	
3,16	0,111	5,67	NAN	
3,18	0,1005	5,68	NAN	
3,2	0,189	5,675	NAN	
3,22	0,1815	5,675	NAN	
3,24	0,159	5,685	NAN	
3,26	0,084	5,675	NAN	
3,28	0,204	5,685	NAN	
3,3	0,1545	5,685	NAN	
3,32	0,123	5,68	NAN	
3,34	0,132	5,68	NAN	
3,36	0,165	5,685	NAN	
3,38	0,156	5,68	NAN	
3,4	0,1725	5,685	NAN	
3,42	0,1545	5,685	NAN	
3,44	0,0765	5,69	NAN	
3,46	0,0675	5,68	NAN	
3,48	0,1725	5,69	NAN	
3,5	0,087	5,685	NAN	
3,52	0,114	5,685	NAN	
3,54	0,1605	5,69	NAN	
3,56	0,111	5,685	NAN	
3,58	0,0735	5,69	NAN	
3,6	0,12	5,685	NAN	
3,62	0,132	5,69	NAN	
3,64	0,1455	5,69	NAN	
3,66	0,1965	5,69	NAN	
3,68	0,144	5,695	NAN	
3,7	0,093	5,69	NAN	
3,72	0,0945	5,69	NAN	
3,74	0,1725	5,69	NAN	
3,76	0,102	5,69	NAN	
3,78	0,171	5,69	NAN	
3,8	0,147	5,69	NAN	
3,82	0,0465	5,69	NAN	
3,84	0,105	5,695	NAN	
3,86	0,123	5,69	NAN	
3,88	0,165	5,695	NAN	
3,9	0,162	5,69	NAN	
3,92	0,1545	5,695	NAN	
3,94	0,2055	5,695	NAN	
3,96	0,1005	5,69	NAN	
3,98	0,111	5,7	NAN	
4	0,102	5,69	NAN	
4,02	0,1125	5,695	NAN	
4,04	0,087	5,695	NAN	
4,06	0,1425	5,695	NAN	
4,08	0,165	5,695	NAN	
4,1	0,174	5,69	NAN	
4,12	0,0855	5,695	NAN	
4,14	0,0585	5,695	NAN	
4,16	0,066	5,7	NAN	
4,18	0,141	5,7	NAN	
4,2	0,186	5,69	NAN	
4,22	0,111	5,695	NAN	
4,24	0,1035	5,695	NAN	
4,26	0,1605	5,695	NAN	
4,28	0,1575	5,7	NAN	
4,3	0,1365	5,69	NAN	
4,32	0,18	5,7	NAN	
4,34	0,153	5,695	NAN	
4,36	0,165	5,7	NAN	
4,38	0,1485	5,7	NAN	
4,4	0,1125	5,695	NAN	
4,42	0,108	5,7	NAN	
4,44	0,1275	5,69	NAN	
4,46	0,0555	5,695	NAN	
4,48	0,135	5,7	NAN	
4,5	0,069	5,695	NAN	
4,52	0,1485	5,7	NAN	
4,54	0,1275	5,69	NAN	
4,56	0,036	5,695	NAN	
4,58	0,045	5,7	NAN	
4,6	0,1695	5,695	NAN	
4,62	0,195	5,7	NAN	
4,64	0,1305	5,695	NAN	
4,66	0,039	5,695	NAN	
4,68	0,1395	5,69	NAN	
4,7	0,1185	5,695	NAN	
4,72	0,105	5,7	NAN	
4,74	0,1425	5,69	NAN	
4,76	0,09	5,695	NAN	
4,78	0,1515	5,69	NAN	
4,8	0,1185	5,69	NAN	
4,82	0,0615	5,69	NAN	
4,84	0,108	5,69	NAN	
4,86	0,084	5,7	NAN	
4,88	0,078	5,685	NAN	
4,9	0,0735	5,69	NAN	
4,92	0,159	5,69	NAN	
4,94	0,093	5,69	NAN	
4,96	0,153	5,69	NAN	
4,98	0,132	5,685	NAN	
5	0,0885	5,695	NAN	
5,02	0,0975	5,69	NAN	
5,04	0,0615	5,69	NAN	
5,06	0,0975	5,69	NAN	
5,08	0,162	5,685	NAN	
5,1	0,1275	5,69	NAN	
5,12	0,15	5,69	NAN	
5,14	0,093	5,685	NAN	
5,16	0,0645	5,69	NAN	
5,18	0,0945	5,685	NAN	
5,2	0,1635	5,69	NAN	
5,22	0,108	5,685	NAN	
5,24	0,0795	5,69	NAN	
5,26	0,0495	5,685	NAN	
5,28	0,1335	5,68	NAN	
5,3	0,093	5,685	NAN	
5,32	0,123	5,68	NAN	
5,34	0,174	5,685	NAN	
5,36	0,0405	5,68	NAN	
5,38	0,087	5,675	NAN	
5,4	0,1125	5,685	NAN	
5,42	0,111	5,675	NAN	
5,44	0,09	5,675	NAN	
5,46	0,09	5,68	NAN	
5,48	0,1095	5,675	NAN	
5,5	0,1665	5,68	NAN	
5,52	0,0645	5,675	NAN	
5,54	0,0765	5,675	NAN	
5,56	0,1545	5,67	NAN	
5,58	0,1395	5,675	NAN	
5,6	0,1065	5,675	NAN	
5,62	0,1395	5,67	NAN	
5,64	0,0945	5,675	NAN	
5,66	0,1065	5,665	NAN	
5,68	0,057	5,67	NAN	
5,7	0,066	5,67	NAN	
5,72	0,081	5,66	NAN	
5,74	0,1335	5,67	NAN	
5,76	0,0795	5,665	NAN	
5,78	0,219	5,665	NAN	
5,8	0,06	5,67	NAN	
5,82	0,003	5,66	NAN	
5,84	0,0945	5,665	NAN	
5,86	0,1035	5,66	NAN	
5,88	0,1245	5,66	NAN	
5,9	0,0705	5,665	NAN	
5,92	0,162	5,655	NAN	
5,94	0,063	5,66	NAN	
5,96	0,141	5,655	NAN	
5,98	0,09	5,66	NAN	
6	0,132	5,66	NAN	
6,02	0,084	5,65	NAN	
6,04	0,1305	5,655	NAN	
6,06	0,1425	5,65	NAN	
6,08	0,0975	5,65	NAN	
6,1	0,0225	5,65	NAN	
6,12	0,132	5,645	NAN	
6,14	0,1245	5,655	NAN	
6,16	0,105	5,64	NAN	
6,18	0,1245	5,645	NAN	
6,2	0,1095	5,645	NAN	
6,22	0,0795	5,645	NAN	
6,24	0,1275	5,645	NAN	
6,26	0,0825	5,635	NAN	
6,28	0,081	5,645	NAN	
6,3	0,0465	5,64	NAN	
6,32	0,117	5,64	NAN	
6,34	0,0975	5,64	NAN	
6,36	0,102	5,635	NAN	
6,38	0,039	5,64	NAN	
6,4	0,1305	5,63	NAN	
6,42	0,1665	5,63	NAN	
6,44	0,1125	5,635	NAN	
6,46	0,153	5,625	NAN	
6,48	0,1155	5,63	NAN	
6,5	0,039	5,62	NAN	
6,52	0,1485	5,625	NAN	
6,54	0,1035	5,625	NAN	
6,56	0,075	5,62	NAN	
6,58	0,1275	5,625	NAN	
6,6	0,087	5,615	NAN	
6,62	0,1155	5,62	NAN	
6,64	0,045	5,62	NAN	
6,66	0,069	5,615	NAN	
6,68	0,1185	5,615	NAN	
6,7	0,072	5,61	NAN	
6,72	0,1065	5,615	NAN	
6,74	0,066	5,61	NAN	
6,76	0,0735	5,61	NAN	
6,78	0,0645	5,61	NAN	
6,8	0,099	5,605	NAN	
6,82	0,0975	5,605	NAN	
6,84	0,0735	5,6	NAN	
6,86	0,135	5,6	NAN	
6,88	0,147	5,605	NAN	
6,9	0,1065	5,59	NAN	
6,92	0,051	5,6	NAN	
6,94	0,06	5,59	NAN	
6,96	0,0795	5,59	NAN	
6,98	0,1155	5,59	NAN	
7	0,0435	5,585	NAN	
7,02	0,1605	5,59	NAN	
7,04	0,1095	5,58	NAN	
7,06	0,0975	5,585	NAN	
7,08	0,0825	5,585	NAN	
7,1	0,09	5,58	NAN	
7,12	0,0975	5,58	NAN	
7,14	0,039	5,57	NAN	
7,16	0,1605	5,575	NAN	
7,18	0,1545	5,57	NAN	
7,2	0,075	5,57	NAN	
7,22	0,1155	5,57	NAN	
7,24	0,0435	5,57	NAN	
7,26	0,0885	5,565	NAN	
7,28	0,1125	5,565	NAN	
7,3	0,099	5,56	NAN	
7,32	0,123	5,565	NAN	
7,34	0,0945	5,555	NAN	
7,36	0,129	5,56	NAN	
7,38	0,12	5,555	NAN	
7,4	0,1305	5,55	NAN	
7,42	0,183	5,555	NAN	
7,44	0,105	5,545	NAN	
7,46	0,0555	5,545	NAN	
7,48	0,054	5,54	NAN	
7,5	0,126	5,54	NAN	
7,52	0,063	5,54	NAN	
7,54	0,087	5,53	NAN	
7,56	0,0915	5,545	NAN	
7,58	0,1215	5,535	NAN	
7,6	0,0555	5,53	NAN	
7,62	0,0585	5,53	NAN	
7,64	0,09	5,525	NAN	
7,66	0,081	5,525	NAN	
7,68	0,0405	5,52	NAN	
7,7	0,1155	5,52	NAN	
7,72	0,108	5,52	NAN	
7,74	0,1395	5,51	NAN	
7,76	0,036	5,51	NAN	
7,78	0,1065	5,505	NAN	
7,8	0,153	5,505	NAN	
7,82	0,1185	5,505	NAN	
7,84	0,1305	5,495	NAN	
7,86	0,057	5,5	NAN	
7,88	0,1245	5,49	NAN	
7,9	0,042	5,495	NAN	
7,92	0,099	5,495	NAN	
7,94	0,1545	5,49	NAN	
7,96	0,0885	5,49	NAN	
7,98	0,0945	5,475	NAN	
8	0,099	5,48	NAN	
8,02	0,168	5,475	NAN	
8,04	0,0405	5,475	NAN	
8,06	0,072	5,475	NAN	
8,08	0,0825	5,47	NAN	
8,1	0,1185	5,47	NAN	
8,12	0,1485	5,46	NAN	
8,14	0,0915	5,465	NAN	
8,16	0,153	5,46	NAN	
8,18	0,093	5,45	NAN	
8,2	0,123	5,455	NAN	
8,22	0,171	5,45	NAN	
8,24	0,096	5,45	NAN	
8,26	0,1425	5,45	NAN	
8,28	0,105	5,435	NAN	
8,3	0,051	5,445	NAN	
8,32	0,129	5,43	NAN	
8,34	0,0825	5,43	NAN	
8,36	0,0105	5,435	NAN	
8,38	0,0765	5,425	NAN	
8,4	0,1395	5,43	NAN	
8,42	0,1275	5,415	NAN	
8,44	0,117	5,425	NAN	
8,46	0,1515	5,42	NAN	
8,48	0,084	5,41	NAN	
8,5	0,0225	5,41	NAN	
8,52	0,0645	5,41	NAN	
8,54	0,0675	5,4	NAN	
8,56	0,0945	5,405	NAN	
8,58	0,114	5,395	NAN	
8,6	0,06	5,395	NAN	
8,62	0,129	5,385	NAN	
8,64	0,054	5,385	NAN	
8,66	0,0945	5,38	NAN	
8,68	0,057	5,38	NAN	
8,7	0,0975	5,39	NAN	
8,72	0,147	5,37	NAN	
8,74	0,078	5,375	NAN	
8,76	0,1605	5,37	NAN	
8,78	0,138	5,37	NAN	
8,8	0,039	5,365	NAN	
8,82	0,1065	5,355	NAN	
8,84	0,087	5,355	NAN	
8,86	0,0795	5,35	NAN	
8,88	0,1125	5,345	NAN	
8,9	0,1425	5,355	NAN	
8,92	0,1035	5,335	NAN	
8,94	0,0975	5,33	NAN	
8,96	0,0885	5,33	NAN	
8,98	0,114	5,325	NAN	
9	0,087	5,325	NAN	
9,02	0,048	5,325	NAN	
9,04	0,138	5,315	NAN	
9,06	0,0645	5,305	NAN	
9,08	0,0495	5,305	NAN	
9,1	0,09	5,305	NAN	
9,12	0,117	5,295	NAN	
9,14	0,1605	5,3	NAN	
9,16	0,123	5,29	NAN	
9,18	0,1155	5,285	NAN	
9,2	0,1395	5,29	NAN	
9,22	0,156	5,275	NAN	
9,24	0,1335	5,28	NAN	
9,26	0,1365	5,275	NAN	
9,28	0,1065	5,265	NAN	
9,3	0,1155	5,27	NAN	
9,32	0,1305	5,26	NAN	
9,34	0,105	5,26	NAN	
9,36	0,0165	5,255	NAN	
9,38	0,063	5,25	NAN	
9,4	0,108	5,245	NAN	
9,42	0,1275	5,24	NAN	
9,44	0,0945	5,24	NAN	
9,46	0,0975	5,235	NAN	
9,48	0,111	5,225	NAN	
9,5	0,1005	5,23	NAN	
9,52	0,156	5,215	NAN	
9,54	0,0975	5,22	NAN	
9,56	0,1185	5,215	NAN	
9,58	0,144	5,205	NAN	
9,6	0,081	5,21	NAN	
9,62	0,0825	5,195	NAN	
9,64	0,126	5,2	NAN	
9,66	0,159	5,19	NAN	
9,68	0,1395	5,185	NAN	
9,7	0,0705	5,185	NAN	
9,72	0,1245	5,175	NAN	
9,74	0,1785	5,17	NAN	
9,76	0,1725	5,175	NAN	
9,78	0,144	5,16	NAN	
9,8	0,129	5,16	NAN	
9,82	0,0855	5,15	NAN	
9,84	0,1605	5,15	NAN	
9,86	0,081	5,145	NAN	
9,88	0,162	5,13	NAN	
9,9	0,129	5,135	NAN	
9,92	0,189	5,125	NAN	
9,94	0,12	5,12	NAN	
9,96	0,123	5,12	NAN	
9,98	0,0555	5,11	NAN	
10	0,0885	5,11	NAN	
10,02	0,084	5,1	NAN	
10,04	0,081	5,1	NAN	
10,06	0,1515	5,095	NAN	
10,08	0,051	5,08	NAN	
10,1	0,0375	5,085	NAN	
10,12	0,0495	5,075	NAN	
10,14	0,1125	5,07	NAN	
10,16	0,0735	5,07	NAN	
10,18	0,1335	5,06	NAN	
10,2	0,081	5,06	NAN	
10,22	0,1065	5,055	NAN	
10,24	0,1005	5,05	NAN	
10,26	0,0945	5,045	NAN	
10,28	0,111	5,03	NAN	
10,3	0,1275	5,03	NAN	
10,32	0,141	5,03	NAN	
10,34	0,1455	5,02	NAN	
10,36	0,1215	5,02	NAN	
10,38	0,1005	5,005	NAN	
10,4	0,093	5,01	NAN	
10,42	0,0825	5,005	NAN	
10,44	0,1065	4,995	NAN	
10,46	0,195	4,995	NAN	
10,48	0,0555	4,98	NAN	
10,5	0,1245	4,98	NAN	
10,52	0,1245	4,97	NAN	
10,54	0,087	4,97	NAN	
10,56	0,117	4,97	NAN	
10,58	0,1335	4,955	NAN	
10,6	0,1035	4,955	NAN	
10,62	0,0945	4,95	NAN	
10,64	0,057	4,945	NAN	
10,66	0,0465	4,935	NAN	
10,68	0,1695	4,93	NAN	
10,7	0,135	4,925	NAN	
10,72	0,1575	4,92	NAN	
10,74	0,171	4,915	NAN	
10,76	0,162	4,91	NAN	
10,78	0,099	4,9	NAN	
10,8	0,129	4,9	NAN	
10,82	0,1335	4,885	NAN	
10,84	0,1455	4,89	NAN	
10,86	0,1185	4,88	NAN	
10,88	0,1005	4,875	NAN	
10,9	0,1215	4,875	NAN	
10,92	0,1215	4,86	NAN	
10,94	0,1095	4,86	NAN	
10,96	0,138	4,85	NAN	
10,98	0,0975	4,845	NAN	
11	0,1305	4,845	NAN	
11,02	0,1185	4,84	NAN	
11,04	0,1665	4,835	NAN	
11,06	0,2085	4,83	NAN	
11,08	0,1065	4,82	NAN	
11,1	0,1125	4,82	NAN	
11,12	0,111	4,805	NAN	
11,14	0,129	4,805	NAN	
11,16	0,0555	4,795	NAN	
11,18	0,135	4,79	NAN	
11,2	0,1335	4,785	NAN	
11,22	0,1005	4,775	NAN	
11,24	0,1455	4,775	NAN	
11,26	0,141	4,765	NAN	
11,28	0,093	4,765	NAN	
11,3	0,09	4,76	NAN	
11,32	0,141	4,75	NAN	
11,34	0,0885	4,745	NAN	
11,36	0,1005	4,74	NAN	
11,38	0,138	4,735	NAN	
11,4	0,141	4,73	NAN	
11,42	0,0435	4,72	NAN	
11,44	0,165	4,72	NAN	
11,46	0,1335	4,71	NAN	
11,48	0,108	4,705	NAN	
11,5	0,198	4,7	NAN	
11,52	0,183	4,69	NAN	
11,54	0,1125	4,69	NAN	
11,56	0,0975	4,68	NAN	
11,58	0,1005	4,68	NAN	
11,6	0,15	4,67	NAN	
11,62	0,1155	4,66	NAN	
11,64	0,198	4,66	NAN	
11,66	0,1785	4,65	NAN	
11,68	0,0405	4,65	NAN	
11,7	0,1095	4,64	NAN	
11,72	0,1335	4,635	NAN	
11,74	0,183	4,63	NAN	
11,76	0,126	4,62	NAN	
11,78	0,1125	4,615	NAN	
11,8	0,1455	4,61	NAN	
11,82	0,153	4,605	NAN	
11,84	0,1515	4,605	NAN	
11,86	0,144	4,59	NAN	
11,88	0,1005	4,59	NAN	
11,9	0,087	4,58	NAN	
11,92	0,135	4,575	NAN	
11,94	0,1845	4,57	NAN	
11,96	0,21	4,56	NAN	
11,98	0,186	4,56	NAN	
12	0,1395	4,55	NAN	
12,02	0,105	4,545	NAN	
12,04	0,2385	4,535	NAN	
12,06	0,1005	4,53	NAN	
12,08	0,138	4,53	NAN	
12,1	0,1395	4,515	NAN	
12,12	0,0975	4,515	NAN	
12,14	0,21	4,51	NAN	
12,16	0,102	4,5	NAN	
12,18	0,126	4,5	NAN	
12,2	0,12	4,485	NAN	
12,22	0,102	4,485	NAN	
12,24	0,1125	4,48	NAN	
12,26	0,1305	4,47	NAN	
12,28	0,2145	4,47	NAN	
12,3	0,1245	4,46	NAN	
12,32	0,087	4,45	NAN	
12,34	0,1095	4,45	NAN	
12,36	0,099	4,445	NAN	
12,38	0,1065	4,445	NAN	
12,4	0,126	4,425	NAN	
12,42	0,2085	4,43	NAN	
12,44	0,123	4,42	NAN	
12,46	0,1185	4,415	NAN	
12,48	0,1365	4,415	NAN	
12,5	0,126	4,395	NAN	
12,52	0,087	4,395	NAN	
12,54	0,048	4,385	NAN	
12,56	0,1245	4,38	NAN	
12,58	0,135	4,38	NAN	
12,6	0,123	4,37	NAN	
12,62	0,21	4,37	NAN	
12,64	0,1575	4,36	NAN	
12,66	0,1875	4,355	NAN	
12,68	0,1815	4,35	NAN	
12,7	0,0705	4,34	NAN	
12,72	0,1605	4,34	NAN	
12,74	0,183	4,325	NAN	
12,76	0,1305	4,325	NAN	
12,78	0,0855	4,32	NAN	
12,8	0,186	4,31	NAN	
12,82	0,099	4,305	NAN	
12,84	0,1365	4,285	NAN	
12,86	0,162	4,295	NAN	
12,88	0,1605	4,285	NAN	
12,9	0,162	4,28	NAN	
12,92	0,1065	4,275	NAN	
12,94	0,177	4,26	NAN	
12,96	0,0795	4,26	NAN	
12,98	0,0495	4,26	NAN	
13	0,1425	4,25	NAN	
13,02	0,225	4,25	NAN	
13,04	0,15	4,23	NAN	
13,06	0,135	4,235	NAN	
13,08	0,168	4,225	NAN	
13,1	0,0555	4,22	NAN	
13,12	0,2355	4,215	NAN	
13,14	0,1485	4,21	NAN	
13,16	0,1095	4,205	NAN	
13,18	0,084	4,2	NAN	
13,2	0,1485	4,19	NAN	
13,22	0,1605	4,185	NAN	
13,24	0,1665	4,175	NAN	
13,26	0,1095	4,17	NAN	
13,28	0,138	4,17	NAN	
13,3	0,1485	4,16	NAN	
13,32	0,201	4,15	NAN	
13,34	0,168	4,15	NAN	
13,36	0,114	4,135	NAN	
13,38	0,171	4,135	NAN	
13,4	0,054	4,13	NAN	
13,42	0,1545	4,12	NAN	
13,44	0,189	4,12	NAN	
13,46	0,1935	4,11	NAN	
13,48	0,1035	4,1	NAN	
13,5	0,09	4,105	NAN	
13,52	0,1095	4,09	NAN	
13,54	0,1635	4,09	NAN	
13,56	0,1455	4,08	NAN	
13,58	0,0675	4,07	NAN	
13,6	0,1905	4,07	NAN	
13,62	0,0975	4,055	NAN	
13,64	0,1125	4,05	NAN	
13,66	0,15	4,05	NAN	
13,68	0,1125	4,035	NAN	
13,7	0,1905	4,03	NAN	
13,72	0,2655	4,025	NAN	
13,74	0,1935	4,02	NAN	
13,76	0,1065	4,02	NAN	
13,78	0,1905	4,005	NAN	
13,8	0,2265	4,01	NAN	
13,82	0,144	3,99	NAN	
13,84	0,1155	3,99	NAN	
13,86	0,084	3,985	NAN	
13,88	0,174	3,97	NAN	
13,9	0,1095	3,97	NAN	
13,92	0,12	3,96	NAN	
13,94	0,1215	3,96	NAN	
13,96	0,1635	3,96	NAN	
13,98	0,2145	3,945	NAN	
14	0,249	3,945	NAN	
14,02	0,099	3,93	NAN	
14,04	0,117	3,93	NAN	
14,06	0,1065	3,925	NAN	
14,08	0,1395	3,915	NAN	
14,1	0,1125	3,91	NAN	
14,12	0,111	3,895	NAN	
14,14	0,117	3,9	NAN	
14,16	0,153	3,895	NAN	
14,18	0,1185	3,885	NAN	
14,2	0,1245	3,875	NAN	
14,22	0,1305	3,86	NAN	
14,24	0,099	3,87	NAN	
14,26	0,1785	3,855	NAN	
14,28	0,1485	3,85	NAN	
14,3	0,0975	3,845	NAN	
14,32	0,162	3,835	NAN	
14,34	0,132	3,83	NAN	
14,36	0,1455	3,825	NAN	
14,38	0,0825	3,815	NAN	
14,4	0,1545	3,815	NAN	
14,42	0,111	3,81	NAN	
14,44	0,1785	3,8	NAN	
14,46	0,1275	3,795	NAN	
14,48	0,1665	3,785	NAN	
14,5	0,1215	3,78	NAN	
14,52	0,174	3,77	NAN	
14,54	0,1545	3,77	NAN	
14,56	0,06	3,75	NAN	
14,58	0,1155	3,75	NAN	
14,6	0,186	3,75	NAN	
14,62	0,1095	3,735	NAN	
14,64	0,153	3,735	NAN	
14,66	0,1125	3,72	NAN	
14,68	0,1605	3,72	NAN	
14,7	0,2235	3,71	NAN	
14,72	0,1725	3,705	NAN	
14,74	0,165	3,7	NAN	
14,76	0,138	3,69	NAN	
14,78	0,1605	3,685	NAN	
14,8	0,1365	3,675	NAN	
14,82	0,159	3,675	NAN	
14,84	0,138	3,665	NAN	
14,86	0,1875	3,65	NAN	
14,88	0,18	3,65	NAN	
14,9	0,1125	3,64	NAN	
14,92	0,1335	3,635	NAN	
14,94	0,1755	3,63	NAN	
14,96	0,114	3,615	NAN	
14,98	0,1215	3,62	NAN	
15	0,063	3,61	NAN	
15,02	0,1275	3,6	NAN	
15,04	0,0405	3,595	NAN	
15,06	0,132	3,585	NAN	
15,08	0,09	3,585	NAN	
15,1	0,1005	3,57	NAN	
15,12	0,114	3,57	NAN	
15,14	0,1725	3,56	NAN	
15,16	0,0825	3,55	NAN	
15,18	0,141	3,555	NAN	
15,2	0,096	3,535	NAN	
15,22	0,129	3,535	NAN	
15,24	0,135	3,53	NAN	
15,26	0,0675	3,52	NAN	
15,28	0,1365	3,515	NAN	
15,3	0,1515	3,51	NAN	
15,32	0,072	3,5	NAN	
15,34	0,0795	3,5	NAN	
15,36	0,162	3,49	NAN	
15,38	0,0255	3,49	NAN	
15,4	0,123	3,47	NAN	
15,42	0,1545	3,475	NAN	
15,44	0,1275	3,46	NAN	
15,46	0,0675	3,455	NAN	
15,48	0,105	3,455	NAN	
15,5	0,1275	3,44	NAN	
15,52	0,096	3,435	NAN	
15,54	0,111	3,435	NAN	
15,56	0,0945	3,42	NAN	
15,58	0,123	3,42	NAN	
15,6	0,069	3,405	NAN	
15,62	0,1065	3,405	NAN	
15,64	0,0705	3,395	NAN	
15,66	0,123	3,39	NAN	
15,68	0,195	3,385	NAN	
15,7	0,078	3,375	NAN	
15,72	0,1035	3,37	NAN	
15,74	0,132	3,365	NAN	
15,76	0,132	3,36	NAN	
15,78	0,159	3,355	NAN	
15,8	0,0885	3,34	NAN	
15,82	0,123	3,34	NAN	
15,84	0,1515	3,33	NAN	
15,86	0,102	3,32	NAN	
15,88	0,111	3,32	NAN	
15,9	0,147	3,305	NAN	
15,92	0,0885	3,305	NAN	
15,94	0,0855	3,295	NAN	
15,96	0,0645	3,29	NAN	
15,98	0,096	3,285	NAN	
16	0,0585	3,275	NAN	
16,02	0,06	3,275	NAN	
16,04	0,087	3,26	NAN	
16,06	0,069	3,255	NAN	
16,08	0,1005	3,25	NAN	
16,1	0,1185	3,24	NAN	
16,12	0,1125	3,245	NAN	
16,14	0,084	3,225	NAN	
16,16	0,0585	3,225	NAN	
16,18	0,0645	3,225	NAN	
16,2	0,057	3,215	NAN	
16,22	0,081	3,21	NAN	
16,24	0,138	3,2	NAN	
16,26	0,0375	3,195	NAN	
16,28	0,0465	3,195	NAN	
16,3	0,1185	3,175	NAN	
16,32	0,081	3,18	NAN	
16,34	0,1305	3,16	NAN	
16,36	0,081	3,16	NAN	
16,38	0,0435	3,155	NAN	
16,4	0,0675	3,145	NAN	
16,42	0,0825	3,145	NAN	
16,44	-0,009	3,135	NAN	
16,46	0,105	3,13	NAN	
16,48	0,072	3,13	NAN	
16,5	0,0645	3,115	NAN	
16,52	0,0885	3,12	NAN	
16,54	0,0225	3,105	NAN	
16,56	0,141	3,1	NAN	
16,58	0,135	3,095	NAN	
16,6	0,0525	3,085	NAN	
16,62	0,0795	3,085	NAN	
16,64	0,0645	3,07	NAN	
16,66	0,1215	3,07	NAN	
16,68	0,081	3,065	NAN	
16,7	0,0675	3,055	NAN	
16,72	0,045	3,05	NAN	
16,74	0,027	3,035	NAN	
16,76	0,0795	3,035	NAN	
16,78	0,0315	3,03	NAN	
16,8	0,0165	3,02	NAN	
16,82	0,0585	3,025	NAN	
16,84	0,0345	3,005	NAN	
16,86	-0,0165	3,005	NAN	
16,88	0,012	3	NAN	
16,9	-0,054	2,985	NAN	
16,92	0,051	2,99	NAN	
16,94	0,0435	2,975	NAN	
16,96	0,03	2,97	NAN	
16,98	0,051	2,97	NAN	
17	-0,009	2,96	NAN	
17,02	0,024	2,955	NAN	
17,04	0,0375	2,955	NAN	
17,06	0,03	2,94	NAN	
17,08	-0,045	2,935	NAN	
17,1	-0,102	2,92	NAN	
17,12	0,039	2,925	NAN	
17,14	0,0435	2,915	NAN	
17,16	0,0795	2,91	NAN	
17,18	-0,012	2,905	NAN	
17,2	0,003	2,895	NAN	
17,22	0,012	2,89	NAN	
17,24	-0,0135	2,885	NAN	
17,26	0,0225	2,875	NAN	
17,28	-0,024	2,875	NAN	
17,3	0	2,86	NAN	
17,32	0,021	2,865	NAN	
17,34	0,0045	2,85	NAN	
17,36	-0,015	2,85	NAN	
17,38	-0,0285	2,84	NAN	
17,4	-0,033	2,835	NAN	
17,42	0,0285	2,83	NAN	
17,44	-0,1005	2,825	NAN	
17,46	-0,0105	2,82	NAN	
17,48	0,018	2,81	NAN	
17,5	-0,0615	2,8	NAN	
17,52	-0,0495	2,8	NAN	
17,54	-0,0165	2,79	NAN	
17,56	-0,072	2,785	NAN	
17,58	-0,0765	2,78	NAN	
17,6	-0,0285	2,77	NAN	
17,62	-0,069	2,77	NAN	
17,64	-0,1065	2,755	NAN	
17,66	-0,0465	2,755	NAN	
17,68	-0,0525	2,75	NAN	
17,7	-0,003	2,74	NAN	
17,72	-0,135	2,74	NAN	
17,74	-0,1065	2,725	NAN	
17,76	-0,0735	2,73	NAN	
17,78	-0,0405	2,72	NAN	
17,8	-0,0765	2,715	NAN	
17,82	-0,0525	2,71	NAN	
17,84	-0,1215	2,7	NAN	
17,86	-0,057	2,695	NAN	
17,88	-0,195	2,69	NAN	
17,9	-0,1755	2,68	NAN	
17,92	-0,1155	2,68	NAN	
17,94	-0,132	2,665	NAN	
17,96	-0,0795	2,66	NAN	
17,98	-0,1005	2,655	NAN	
18	-0,0975	2,645	NAN	
18,02	-0,117	2,645	NAN	
18,04	-0,1185	2,63	NAN	
18,06	-0,1425	2,63	NAN	
18,08	-0,165	2,625	NAN	
18,1	-0,1515	2,615	NAN	
18,12	-0,171	2,615	NAN	
18,14	-0,24	2,6	NAN	
18,16	-0,171	2,6	NAN	
18,18	-0,102	2,595	NAN	
18,2	-0,1755	2,585	NAN	
18,22	-0,1065	2,585	NAN	
18,24	-0,1815	2,575	NAN	
18,26	-0,195	2,57	NAN	
18,28	-0,195	2,56	NAN	
18,3	-0,207	2,555	NAN	
18,32	-0,216	2,55	NAN	
18,34	-0,228	2,535	NAN	
18,36	-0,1935	2,535	NAN	
18,38	-0,138	2,53	NAN	
18,4	-0,1965	2,52	NAN	
18,42	-0,222	2,525	NAN	
18,44	-0,228	2,51	NAN	
18,46	-0,243	2,51	NAN	
18,48	-0,255	2,495	NAN	
18,5	-0,252	2,495	NAN	
18,52	-0,2055	2,49	NAN	
18,54	-0,2385	2,475	NAN	
18,56	-0,2805	2,475	NAN	
18,58	-0,3225	2,465	NAN	
18,6	-0,279	2,46	NAN	
18,62	-0,2175	2,455	NAN	
18,64	-0,3075	2,445	NAN	
18,66	-0,336	2,445	NAN	
18,68	-0,2775	2,43	NAN	
18,7	-0,3585	2,43	NAN	
18,72	-0,303	2,425	NAN	
18,74	-0,3105	2,415	NAN	
18,76	-0,351	2,415	NAN	
18,78	-0,3345	2,4	NAN	
18,8	-0,366	2,4	NAN	
18,82	-0,3555	2,395	NAN	
18,84	-0,3105	2,385	NAN	
18,86	-0,3945	2,38	NAN	
18,88	-0,372	2,375	NAN	
18,9	-0,4035	2,365	NAN	
18,92	-0,4335	2,365	NAN	
18,94	-0,4425	2,35	NAN	
18,96	-0,4275	2,355	NAN	
18,98	-0,471	2,335	NAN	
19	-0,4635	2,335	NAN	
19,02	-0,414	2,33	NAN	
19,04	-0,4575	2,32	NAN	
19,06	-0,5175	2,32	NAN	
19,08	-0,552	2,31	NAN	
19,1	-0,5415	2,305	NAN	
19,12	-0,492	2,305	NAN	
19,14	-0,564	2,29	NAN	
19,16	-0,4965	2,29	NAN	
19,18	-0,657	2,28	NAN	
19,2	-0,5445	2,275	NAN	
19,22	-0,579	2,27	NAN	
19,24	-0,5955	2,26	NAN	
19,26	-0,6225	2,26	NAN	
19,28	-0,609	2,25	NAN	
19,3	-0,618	2,245	NAN	
19,32	-0,7275	2,245	NAN	
19,34	-0,6945	2,23	NAN	
19,36	-0,6585	2,23	NAN	
19,38	-0,7125	2,22	NAN	
19,4	-0,7035	2,22	NAN	
19,42	-0,7725	2,225	NAN	
19,44	-0,7575	2,2	NAN	
19,46	-0,7755	2,2	NAN	
19,48	-0,798	2,195	NAN	
19,5	-0,84	2,19	NAN	
19,52	-0,7845	2,185	NAN	
19,54	-0,837	2,175	NAN	
19,56	-0,792	2,17	NAN	
19,58	-0,864	2,165	NAN	
19,6	-0,8895	2,16	NAN	
19,62	-0,897	2,155	NAN	
19,64	-0,894	2,145	NAN	
19,66	-1,0095	2,14	NAN	
19,68	-0,969	2,14	NAN	
19,7	-0,948	2,125	NAN	
19,72	-1,0185	2,13	NAN	
19,74	-0,987	2,11	NAN	
19,76	-1,002	2,115	NAN	
19,78	-1,1055	2,1	NAN	
19,8	-1,0695	2,1	NAN	
19,82	-1,143	2,095	NAN	
19,84	-1,2255	2,08	NAN	
19,86	-1,1175	2,085	NAN	
19,88	-1,1895	2,08	NAN	
19,9	-1,1925	2,07	NAN	
19,92	-1,2495	2,065	NAN	
19,94	-1,2885	2,06	NAN	
19,96	-1,2735	2,055	NAN	
19,98	-1,317	2,05	NAN	
20	-1,2945	2,045	NAN	
20,02	-1,335	2,04	NAN	
20,04	-1,407	2,03	NAN	
20,06	-1,377	2,03	NAN	
20,08	-1,392	2,02	NAN	
20,1	-1,3665	2,015	NAN	
20,12	-1,4325	2,015	NAN	
20,14	-1,4145	2	NAN	
20,16	-1,4625	2	NAN	
20,18	-1,4715	1,99	NAN	
20,2	-1,5465	1,985	NAN	
20,22	-1,536	1,985	NAN	
20,24	-1,5765	1,975	NAN	
20,26	-1,542	1,975	NAN	
20,28	-1,5225	1,965	NAN	
20,3	-1,4835	1,96	NAN	
20,32	-1,551	1,965	NAN	
20,34	-1,539	1,95	NAN	
20,36	-1,512	1,95	NAN	
20,38	-1,509	1,945	NAN	
20,4	-1,575	1,94	NAN	
20,42	-1,5495	1,93	NAN	
20,44	-1,5525	1,93	NAN	
20,46	-1,4685	1,925	NAN	
20,48	-1,5075	1,915	NAN	
20,5	-1,527	1,915	NAN	
20,52	-1,5405	1,91	NAN	
20,54	-1,467	1,905	NAN	
20,56	-1,401	1,905	NAN	
20,58	-1,446	1,89	NAN	
20,6	-1,467	1,89	NAN	
20,62	-1,458	1,88	NAN	
20,64	-1,4025	1,875	NAN	
20,66	-1,392	1,875	NAN	
20,68	-1,404	1,865	NAN	
20,7	-1,386	1,865	NAN	
20,72	-1,3185	1,86	NAN	
20,74	-1,35	1,85	NAN	
20,76	-1,308	1,855	NAN	
20,78	-1,2435	1,84	NAN	
20,8	-1,185	1,84	NAN	
20,82	-1,149	1,84	NAN	
20,84	-1,143	1,825	NAN	
20,86	-1,179	1,83	NAN	
20,88	-1,1565	1,815	NAN	
20,9	-1,077	1,815	NAN	
20,92	-1,1415	1,81	NAN	
20,94	-1,065	1,8	NAN	
20,96	-1,038	1,795	NAN	
20,98	-1,0335	1,795	NAN	
21	-0,978	1,78	NAN	
21,02	-0,9435	1,785	NAN	
21,04	-0,9585	1,775	NAN	
21,06	-0,8895	1,77	NAN	
21,08	-0,9345	1,77	NAN	
21,1	-0,9045	1,76	NAN	
21,12	-0,9465	1,76	NAN	
21,14	-0,9045	1,755	NAN	
21,16	-0,8985	1,745	NAN	
21,18	-0,807	1,745	NAN	
21,2	-0,7845	1,74	NAN	
21,22	-0,834	1,735	NAN	
21,24	-0,78	1,73	NAN	
21,26	-0,759	1,73	NAN	
21,28	-0,7035	1,72	NAN	
21,3	-0,7485	1,715	NAN	
21,32	-0,729	1,71	NAN	
21,34	-0,6975	1,705	NAN	
21,36	-0,6585	1,705	NAN	
21,38	-0,6675	1,69	NAN	
21,4	-0,576	1,7	NAN	
21,42	-0,675	1,69	NAN	
21,44	-0,6	1,685	NAN	
21,46	-0,579	1,68	NAN	
21,48	-0,5835	1,675	NAN	
21,5	-0,5805	1,665	NAN	
21,52	-0,4995	1,67	NAN	
21,54	-0,5865	1,655	NAN	
21,56	-0,5985	1,66	NAN	
21,58	-0,5265	1,655	NAN	
21,6	-0,4995	1,645	NAN	
21,62	-0,5355	1,655	NAN	
21,64	-0,5205	1,645	NAN	
21,66	-0,495	1,635	NAN	
21,68	-0,4725	1,635	NAN	
21,7	-0,423	1,625	NAN	
21,72	-0,4875	1,625	NAN	
21,74	-0,4995	1,62	NAN	
21,76	-0,4185	1,615	NAN	
21,78	-0,39	1,615	NAN	
21,8	-0,4245	1,605	NAN	
21,82	-0,357	1,605	NAN	
21,84	-0,3285	1,6	NAN	
21,86	-0,357	1,595	NAN	
21,88	-0,3165	1,59	NAN	
21,9	-0,348	1,58	NAN	
21,92	-0,3795	1,58	NAN	
21,94	-0,324	1,58	NAN	
21,96	-0,339	1,57	NAN	
21,98	-0,3765	1,575	NAN	
22	-0,375	1,555	NAN	
22,02	-0,342	1,56	NAN	
22,04	-0,2835	1,555	NAN	
22,06	-0,2025	1,55	NAN	
22,08	-0,2205	1,55	NAN	
22,1	-0,273	1,54	NAN	
22,12	-0,2445	1,54	NAN	
22,14	-0,2685	1,53	NAN	
22,16	-0,255	1,525	NAN	
22,18	-0,204	1,53	NAN	
22,2	-0,237	1,515	NAN	
22,22	-0,1935	1,52	NAN	
22,24	-0,2055	1,505	NAN	
22,26	-0,1515	1,51	NAN	
22,28	-0,192	1,5	NAN	
22,3	-0,1995	1,49	NAN	
22,32	-0,1995	1,49	NAN	
22,34	-0,177	1,48	NAN	
22,36	-0,15	1,48	NAN	
22,38	-0,117	1,48	NAN	
22,4	-0,141	1,47	NAN	
22,42	-0,216	1,475	NAN	
22,44	-0,171	1,46	NAN	
22,46	-0,1725	1,465	NAN	
22,48	-0,156	1,455	NAN	
22,5	-0,0945	1,45	NAN	
22,52	-0,105	1,45	NAN	
22,54	-0,1125	1,44	NAN	
22,56	-0,06	1,44	NAN	
22,58	-0,0495	1,44	NAN	
22,6	-0,1305	1,43	NAN	
22,62	-0,0945	1,43	NAN	
22,64	-0,0285	1,415	NAN	
22,66	-0,069	1,42	NAN	
22,68	-0,0465	1,415	NAN	
22,7	-0,0735	1,405	NAN	
22,72	0,0075	1,405	NAN	
22,74	-0,0645	1,395	NAN	
22,76	-0,105	1,395	NAN	
22,78	-0,099	1,385	NAN	
22,8	-0,0675	1,385	NAN	
22,82	-0,033	1,385	NAN	
22,84	-0,066	1,37	NAN	
22,86	-0,0555	1,375	NAN	
22,88	-0,0285	1,365	NAN	
22,9	-0,003	1,365	NAN	
22,92	-0,024	1,36	NAN	
22,94	-0,0375	1,35	NAN	
22,96	-0,051	1,345	NAN	
22,98	0,0105	1,345	NAN	
23	0,036	1,335	NAN	
23,02	0,0135	1,34	NAN	
23,04	-0,0015	1,325	NAN	
23,06	0,0525	1,33	NAN	
23,08	-0,0255	1,315	NAN	
23,1	0,0105	1,32	NAN	
23,12	0,072	1,31	NAN	
23,14	-0,018	1,305	NAN	
23,16	0,03	1,305	NAN	
23,18	0,0135	1,29	NAN	
23,2	0,033	1,295	NAN	
23,22	0,0465	1,285	NAN	
23,24	0,0705	1,285	NAN	
23,26	0,078	1,285	NAN	
23,28	0,1215	1,275	NAN	
23,3	0,0645	1,275	NAN	
23,32	0,0585	1,265	NAN	
23,34	0,0765	1,265	NAN	
23,36	0,021	1,26	NAN	
23,38	0,084	1,255	NAN	
23,4	0,0645	1,25	NAN	
23,42	0,042	1,245	NAN	
23,44	0,0675	1,24	NAN	
23,46	0,0825	1,245	NAN	
23,48	0,138	1,23	NAN	
23,5	0,2055	1,235	NAN	
23,52	0,102	1,22	NAN	
23,54	0,138	1,22	NAN	
23,56	0,0795	1,215	NAN	
23,58	0,099	1,21	NAN	
23,6	0,1365	1,21	NAN	
23,62	0,1395	1,2	NAN	
23,64	0,186	1,2	NAN	
23,66	0,093	1,195	NAN	
23,68	0,1125	1,185	NAN	
23,7	0,072	1,19	NAN	
23,72	0,1695	1,175	NAN	
23,74	0,1515	1,18	NAN	
23,76	0,198	1,18	NAN	
23,78	0,1215	1,17	NAN	
23,8	0,1725	1,17	NAN	
23,82	0,1335	1,16	NAN	
23,84	0,12	1,155	NAN	
23,86	0,129	1,155	NAN	
23,88	0,165	1,15	NAN	
23,9	0,2055	1,145	NAN	
23,92	0,1425	1,135	NAN	
23,94	0,2235	1,14	NAN	
23,96	0,174	1,135	NAN	
23,98	0,123	1,125	NAN	
24	0,165	1,13	NAN	
24,02	0,1815	1,115	NAN	
24,04	0,198	1,12	NAN	
24,06	0,2085	1,115	NAN	
24,08	0,1965	1,11	NAN	
24,1	0,132	1,11	NAN	
24,12	0,111	1,095	NAN	
24,14	0,2055	1,1	NAN	
24,16	0,186	1,095	NAN	
24,18	0,0795	1,09	NAN	
24,2	0,234	1,09	NAN	
24,22	0,2175	1,085	NAN	
24,24	0,1965	1,08	NAN	
24,26	0,1875	1,08	NAN	
24,28	0,1845	1,07	NAN	
24,3	0,288	1,07	NAN	
24,32	0,2055	1,06	NAN	
24,34	0,285	1,06	NAN	
24,36	0,228	1,055	NAN	
24,38	0,2205	1,055	NAN	
24,4	0,2175	1,05	NAN	
24,42	0,261	1,035	NAN	
24,44	0,2595	1,045	NAN	
24,46	0,2205	1,035	NAN	
24,48	0,243	1,035	NAN	
24,5	0,2205	1,04	NAN	
24,52	0,2865	1,02	NAN	
24,54	0,21	1,03	NAN	
24,56	0,2655	1,02	NAN	
24,58	0,222	1,015	NAN	
24,6	0,261	1,02	NAN	
24,62	0,2445	1,01	NAN	
24,64	0,249	1,01	NAN	
24,66	0,342	1	NAN	
24,68	0,267	1,005	NAN	
24,7	0,219	1	NAN	
24,72	0,264	0,995	NAN	
24,74	0,312	0,995	NAN	
24,76	0,2925	0,985	NAN	
24,78	0,2985	0,98	NAN	
24,8	0,2955	0,985	NAN	
24,82	0,3045	0,97	NAN	
24,84	0,2775	0,98	NAN	
24,86	0,3135	0,965	NAN	
24,88	0,171	0,97	NAN	
24,9	0,2475	0,96	NAN	
24,92	0,366	0,955	NAN	
24,94	0,2685	0,965	NAN	
24,96	0,2865	0,95	NAN	
24,98	0,2595	0,95	NAN	
25	0,282	0,945	NAN	
25,02	0,2715	0,945	NAN	
25,04	0,264	0,95	NAN	
25,06	0,3885	0,935	NAN	
25,08	0,3135	0,935	NAN	
25,1	0,345	0,935	NAN	
25,12	0,312	0,925	NAN	
25,14	0,252	0,93	NAN	
25,16	0,2955	0,915	NAN	
25,18	0,2955	0,92	NAN	
25,2	0,378	0,905	NAN	
25,22	0,3	0,91	NAN	
25,24	0,318	0,92	NAN	
25,26	0,2685	0,9	NAN	
25,28	0,2925	0,905	NAN	
25,3	0,2595	0,895	NAN	
25,32	0,2685	0,905	NAN	
25,34	0,306	0,895	NAN	
25,36	0,2775	0,88	NAN	
25,38	0,3135	0,89	NAN	
25,4	0,2805	0,88	NAN	
25,42	0,2745	0,875	NAN	
25,44	0,3015	0,875	NAN	
25,46	0,303	0,87	NAN	
25,48	0,324	0,87	NAN	
25,5	0,369	0,87	NAN	
25,52	0,3405	0,86	NAN	
25,54	0,336	0,865	NAN	
25,56	0,372	0,85	NAN	
25,58	0,279	0,855	NAN	
25,6	0,3315	0,845	NAN	
25,62	0,327	0,85	NAN	
25,64	0,339	0,84	NAN	
25,66	0,3105	0,84	NAN	
25,68	0,3555	0,84	NAN	
25,7	0,294	0,83	NAN	
25,72	0,378	0,83	NAN	
25,74	0,345	0,83	NAN	
25,76	0,3375	0,83	NAN	
25,78	0,3855	0,825	NAN	
25,8	0,42	0,815	NAN	
25,82	0,3	0,825	NAN	
25,84	0,321	0,81	NAN	
25,86	0,3855	0,815	NAN	
25,88	0,3435	0,815	NAN	
25,9	0,435	0,8	NAN	
25,92	0,387	0,805	NAN	
25,94	0,3285	0,795	NAN	
25,96	0,3465	0,805	NAN	
25,98	0,351	0,8	NAN	
26	0,3195	0,79	NAN	
26,02	0,351	0,79	NAN	
26,04	0,288	0,78	NAN	
26,06	0,4035	0,785	NAN	
26,08	0,4155	0,78	NAN	
26,1	0,4065	0,78	NAN	
26,12	0,33	0,775	NAN	
26,14	0,3705	0,77	NAN	
26,16	0,3495	0,765	NAN	
26,18	0,3435	0,76	NAN	
26,2	0,396	0,76	NAN	
26,22	0,351	0,765	NAN	
26,24	0,3045	0,75	NAN	
26,26	0,393	0,755	NAN	
26,28	0,366	0,75	NAN	
26,3	0,4155	0,75	NAN	
26,32	0,4125	0,75	NAN	
26,34	0,342	0,74	NAN	
26,36	0,402	0,745	NAN	
26,38	0,36	0,735	NAN	
26,4	0,348	0,735	NAN	
26,42	0,3405	0,735	NAN	
26,44	0,36	0,725	NAN	
26,46	0,3675	0,73	NAN	
26,48	0,3405	0,725	NAN	
26,5	0,378	0,72	NAN	
26,52	0,411	0,72	NAN	
26,54	0,405	0,71	NAN	
26,56	0,333	0,715	NAN	
26,58	0,3825	0,71	NAN	
26,6	0,3375	0,705	NAN	
26,62	0,468	0,71	NAN	
26,64	0,372	0,7	NAN	
26,66	0,351	0,705	NAN	
26,68	0,3675	0,695	NAN	
26,7	0,414	0,7	NAN	
26,72	0,3525	0,695	NAN	
26,74	0,372	0,69	NAN	
26,76	0,456	0,69	NAN	
26,78	0,4335	0,69	NAN	
26,8	0,33	0,685	NAN	
26,82	0,336	0,69	NAN	
26,84	0,384	0,675	NAN	
26,86	0,381	0,68	NAN	
26,88	0,3465	0,67	NAN	
26,9	0,4005	0,675	NAN	
26,92	0,348	0,67	NAN	
26,94	0,3825	0,665	NAN	
26,96	0,3705	0,67	NAN	
26,98	0,393	0,66	NAN	
27	0,39	0,66	NAN	
27,02	0,33	0,66	NAN	
27,04	0,417	0,655	NAN	
27,06	0,3945	0,66	NAN	
27,08	0,4335	0,65	NAN	
27,1	0,3345	0,65	NAN	
27,12	0,3525	0,645	NAN	
27,14	0,4215	0,645	NAN	
27,16	0,429	0,645	NAN	
27,18	0,4095	0,64	NAN	
27,2	0,4335	0,64	NAN	
27,22	0,402	0,635	NAN	
27,24	0,333	0,635	NAN	
27,26	0,399	0,64	NAN	
27,28	0,378	0,63	NAN	
27,3	0,3795	0,635	NAN	
27,32	0,438	0,625	NAN	
27,34	0,4185	0,625	NAN	
27,36	0,411	0,625	NAN	
27,38	0,4845	0,62	NAN	
27,4	0,3945	0,62	NAN	
27,42	0,384	0,615	NAN	
27,44	0,3285	0,62	NAN	
27,46	0,423	0,61	NAN	
27,48	0,417	0,61	NAN	
27,5	0,4185	0,615	NAN	
27,52	0,363	0,605	NAN	
27,54	0,3915	0,61	NAN	
27,56	0,354	0,605	NAN	
27,58	0,438	0,605	NAN	
27,6	0,4455	0,6	NAN	
27,62	0,405	0,6	NAN	
27,64	0,3615	0,595	NAN	
27,66	0,3315	0,595	NAN	
27,68	0,396	0,595	NAN	
27,7	0,3855	0,595	NAN	
27,72	0,387	0,585	NAN	
27,74	0,3015	0,585	NAN	
27,76	0,4245	0,58	NAN	
27,78	0,384	0,58	NAN	
27,8	0,3345	0,585	NAN	
27,82	0,309	0,575	NAN	
27,84	0,294	0,58	NAN	
27,86	0,3645	0,57	NAN	
27,88	0,39	0,575	NAN	
27,9	0,3045	0,57	NAN	
27,92	0,3825	0,57	NAN	
27,94	0,387	0,575	NAN	
27,96	0,324	0,56	NAN	
27,98	0,3405	0,57	NAN	
28	0,354	0,56	NAN	
28,02	0,3495	0,565	NAN	
28,04	0,357	0,565	NAN	
28,06	0,324	0,555	NAN	
28,08	0,318	0,56	NAN	
28,1	0,3105	0,56	NAN	
28,12	0,312	0,555	NAN	
28,14	0,3105	0,555	NAN	
28,16	0,27	0,55	NAN	
28,18	0,2835	0,555	NAN	
28,2	0,378	0,545	NAN	
28,22	0,3285	0,55	NAN	
28,24	0,327	0,545	NAN	
28,26	0,345	0,54	NAN	
28,28	0,2745	0,545	NAN	
28,3	0,3675	0,535	NAN	
28,32	0,303	0,54	NAN	
28,34	0,321	0,535	NAN	
28,36	0,2985	0,535	NAN	
28,38	0,2745	0,54	NAN	
28,4	0,294	0,53	NAN	
28,42	0,2775	0,535	NAN	
28,44	0,3285	0,525	NAN	
28,46	0,2985	0,53	NAN	
28,48	0,282	0,525	NAN	
28,5	0,249	0,525	NAN	
28,52	0,3045	0,525	NAN	
28,54	0,2475	0,525	NAN	
28,56	0,255	0,52	NAN	
28,58	0,315	0,525	NAN	
28,6	0,2955	0,515	NAN	
28,62	0,3195	0,52	NAN	
28,64	0,285	0,515	NAN	
28,66	0,2745	0,515	NAN	
28,68	0,2145	0,515	NAN	
28,7	0,3615	0,51	NAN	
28,72	0,321	0,515	NAN	
28,74	0,291	0,51	NAN	
28,76	0,339	0,515	NAN	
28,78	0,273	0,51	NAN	
28,8	0,261	0,505	NAN	
28,82	0,33	0,51	NAN	
28,84	0,2865	0,505	NAN	
28,86	0,2775	0,505	NAN	
28,88	0,2985	0,51	NAN	
28,9	0,2085	0,5	NAN	
28,92	0,2835	0,505	NAN	
28,94	0,3135	0,495	NAN	
28,96	0,2685	0,5	NAN	
28,98	0,3	0,5	NAN	
29	0,2745	0,495	NAN	
29,02	0,252	0,5	NAN	
29,04	0,273	0,495	NAN	
29,06	0,2445	0,495	NAN	
29,08	0,267	0,49	NAN	
29,1	0,27	0,49	NAN	
29,12	0,2715	0,495	NAN	
29,14	0,3195	0,485	NAN	
29,16	0,3015	0,485	NAN	
29,18	0,2265	0,49	NAN	
29,2	0,231	0,485	NAN	
29,22	0,3375	0,49	NAN	
29,24	0,2895	0,475	NAN	
29,26	0,303	0,49	NAN	
29,28	0,279	0,48	NAN	
29,3	0,2055	0,485	NAN	
29,32	0,273	0,485	NAN	
29,34	0,264	0,48	NAN	
29,36	0,2505	0,48	NAN	
29,38	0,2745	0,48	NAN	
29,4	0,2895	0,475	NAN	
29,42	0,336	0,48	NAN	
29,44	0,282	0,475	NAN	
29,46	0,2835	0,48	NAN	
29,48	0,2955	0,47	NAN	
29,5	0,309	0,475	NAN	
29,52	0,1815	0,47	NAN	
29,54	0,2445	0,47	NAN	
29,56	0,267	0,47	NAN	
29,58	0,2685	0,465	NAN	
29,6	0,2595	0,47	NAN	
29,62	0,2535	0,47	NAN	
29,64	0,2265	0,465	NAN	
29,66	0,2385	0,465	NAN	
29,68	0,3015	0,46	NAN	
29,7	0,2265	0,47	NAN	
29,72	0,2865	0,465	NAN	
29,74	0,2475	0,46	NAN	
29,76	0,231	0,47	NAN	
29,78	0,267	0,46	NAN	
29,8	0,2745	0,465	NAN	
29,82	0,2445	0,46	NAN	
29,84	0,2025	0,465	NAN	
29,86	0,255	0,465	NAN	
29,88	0,2205	0,455	NAN	
29,9	0,291	0,46	NAN	
29,92	0,273	0,46	NAN	
29,94	0,2655	0,455	NAN	
29,96	0,321	0,46	NAN	
29,98	0,2565	0,45	NAN	
30	0,276	0,46	NAN	
30,02	0,237	0,45	NAN	
30,04	0,261	0,455	NAN	
30,06	0,219	0,455	NAN	
30,08	0,2535	0,45	NAN	
30,1	0,2835	0,455	NAN	
30,12	0,2865	0,45	NAN	
30,14	0,2745	0,455	NAN	
30,16	0,2115	0,455	NAN	
30,18	0,24	0,45	NAN	
30,2	0,2505	0,455	NAN	
30,22	0,342	0,445	NAN	
30,24	0,2325	0,45	NAN	
30,26	0,183	0,455	NAN	
30,28	0,2325	0,45	NAN	
30,3	0,258	0,455	NAN	
30,32	0,258	0,445	NAN	
30,34	0,2685	0,455	NAN	
30,36	0,27	0,45	NAN	
30,38	0,2475	0,45	NAN	
30,4	0,273	0,455	NAN	
30,42	0,2325	0,45	NAN	
30,44	0,2025	0,45	NAN	
30,46	0,255	0,445	NAN	
30,48	0,213	0,45	NAN	
30,5	0,237	0,45	NAN	
30,52	0,2385	0,445	NAN	
30,54	0,204	0,45	NAN	
30,56	0,195	0,445	NAN	
30,58	0,2835	0,45	NAN	
30,6	0,258	0,45	NAN	
30,62	0,2925	0,45	NAN	
30,64	0,2745	0,45	NAN	
30,66	0,2175	0,45	NAN	
30,68	0,186	0,445	NAN	
30,7	0,2415	0,45	NAN	
30,72	0,219	0,445	NAN	
30,74	0,198	0,455	NAN	
30,76	0,2475	0,44	NAN	
30,78	0,2475	0,45	NAN	
30,8	0,2865	0,445	NAN	
30,82	0,2865	0,45	NAN	
30,84	0,1755	0,455	NAN	
30,86	0,1575	0,445	NAN	
30,88	0,2505	0,45	NAN	
30,9	0,318	0,445	NAN	
30,92	0,2265	0,445	NAN	
30,94	0,21	0,455	NAN	
30,96	0,177	0,445	NAN	
30,98	0,273	0,455	NAN	
31	0,2055	0,45	NAN	
31,02	0,252	0,455	NAN	
31,04	0,1815	0,455	NAN	
31,06	0,1395	0,45	NAN	
31,08	0,225	0,455	NAN	
31,1	0,264	0,45	NAN	
31,12	0,228	0,455	NAN	
31,14	0,2925	0,455	NAN	
31,16	0,2355	0,45	NAN	
31,18	0,1785	0,46	NAN	
31,2	0,234	0,45	NAN	
31,22	0,258	0,455	NAN	
31,24	0,249	0,45	NAN	
31,26	0,2115	0,45	NAN	
31,28	0,2265	0,455	NAN	
31,3	0,2175	0,45	NAN	
31,32	0,219	0,455	NAN	
31,34	0,252	0,45	NAN	
31,36	0,186	0,455	NAN	
31,38	0,216	0,46	NAN	
31,4	0,2325	0,45	NAN	
31,42	0,2175	0,46	NAN	
31,44	0,2145	0,455	NAN	
31,46	0,27	0,46	NAN	
31,48	0,177	0,465	NAN	
31,5	0,153	0,455	NAN	
31,52	0,2835	0,465	NAN	
31,54	0,222	0,455	NAN	
31,56	0,177	0,465	NAN	
31,58	0,2385	0,465	NAN	
31,6	0,1995	0,46	NAN	
31,62	0,198	0,465	NAN	
31,64	0,2475	0,455	NAN	
31,66	0,2475	0,465	NAN	
31,68	0,237	0,465	NAN	
31,7	0,18	0,465	NAN	
31,72	0,243	0,47	NAN	
31,74	0,237	0,46	NAN	
31,76	0,2355	0,475	NAN	
31,78	0,2565	0,46	NAN	
31,8	0,216	0,475	NAN	
31,82	0,2505	0,465	NAN	
31,84	0,165	0,47	NAN	
31,86	0,2175	0,47	NAN	
31,88	0,219	0,465	NAN	
31,9	0,2325	0,47	NAN	
31,92	0,1965	0,475	NAN	
31,94	0,2085	0,47	NAN	
31,96	0,171	0,475	NAN	
31,98	0,222	0,47	NAN	
32	0,273	0,475	NAN	
32,02	0,303	0,47	NAN	
32,04	0,1725	0,475	NAN	
32,06	0,258	0,48	NAN	
32,08	0,264	0,47	NAN	
32,1	0,171	0,48	NAN	
32,12	0,2085	0,47	NAN	
32,14	0,2385	0,48	NAN	
32,16	0,1755	0,48	NAN	
32,18	0,222	0,485	NAN	
32,2	0,2355	0,485	NAN	
32,22	0,207	0,475	NAN	
32,24	0,189	0,485	NAN	
32,26	0,216	0,48	NAN	
32,28	0,2385	0,485	NAN	
32,3	0,273	0,49	NAN	
32,32	0,189	0,485	NAN	
32,34	0,1545	0,49	NAN	
32,36	0,2685	0,49	NAN	
32,38	0,2625	0,49	NAN	
32,4	0,159	0,495	NAN	
32,42	0,1815	0,49	NAN	
32,44	0,237	0,495	NAN	
32,46	0,168	0,495	NAN	
32,48	0,255	0,495	NAN	
32,5	0,2535	0,495	NAN	
32,52	0,2415	0,49	NAN	
32,54	0,183	0,5	NAN	
32,56	0,1875	0,49	NAN	
32,58	0,2595	0,495	NAN	
32,6	0,195	0,495	NAN	
32,62	0,165	0,5	NAN	
32,64	0,1965	0,505	NAN	
32,66	0,1545	0,495	NAN	
32,68	0,201	0,505	NAN	
32,7	0,2385	0,5	NAN	
32,72	0,1995	0,505	NAN	
32,74	0,282	0,515	NAN	
32,76	0,2085	0,51	NAN	
32,78	0,201	0,51	NAN	
32,8	0,204	0,505	NAN	
32,82	0,2505	0,515	NAN	
32,84	0,2385	0,51	NAN	
32,86	0,213	0,515	NAN	
32,88	0,2235	0,525	NAN	
32,9	0,2115	0,51	NAN	
32,92	0,192	0,525	NAN	
32,94	0,2505	0,52	NAN	
32,96	0,1905	0,525	NAN	
32,98	0,2085	0,525	NAN	
33	0,1815	0,52	NAN	
33,02	0,1725	0,53	NAN	
33,04	0,1995	0,52	NAN	
33,06	0,183	0,53	NAN	
33,08	0,1995	0,535	NAN	
33,1	0,168	0,525	NAN	
33,12	0,2025	0,53	NAN	
33,14	0,204	0,53	NAN	
33,16	0,204	0,53	NAN	
33,18	0,15	0,54	NAN	
33,2	0,1755	0,535	NAN	
33,22	0,201	0,54	NAN	
33,24	0,228	0,535	NAN	
33,26	0,1875	0,54	NAN	
33,28	0,2055	0,54	NAN	
33,3	0,198	0,54	NAN	
33,32	0,153	0,55	NAN	
33,34	0,2025	0,54	NAN	
33,36	0,18	0,55	NAN	
33,38	0,207	0,545	NAN	
33,4	0,1935	0,55	NAN	
33,42	0,1875	0,555	NAN	
33,44	0,1965	0,55	NAN	
33,46	0,207	0,56	NAN	
33,48	0,183	0,555	NAN	
33,5	0,1485	0,56	NAN	
33,52	0,1395	0,565	NAN	
33,54	0,1965	0,56	NAN	
33,56	0,228	0,565	NAN	
33,58	0,228	0,565	NAN	
33,6	0,1995	0,57	NAN	
33,62	0,168	0,565	NAN	
33,64	0,1605	0,57	NAN	
33,66	0,21	0,57	NAN	
33,68	0,1845	0,57	NAN	
33,7	0,1785	0,575	NAN	
33,72	0,234	0,575	NAN	
33,74	0,237	0,58	NAN	
33,76	0,1305	0,58	NAN	
33,78	0,204	0,58	NAN	
33,8	0,237	0,585	NAN	
33,82	0,2085	0,58	NAN	
33,84	0,237	0,585	NAN	
33,86	0,15	0,585	NAN	
33,88	0,201	0,59	NAN	
33,9	0,1995	0,6	NAN	
33,92	0,189	0,59	NAN	
33,94	0,174	0,595	NAN	
33,96	0,186	0,595	NAN	
33,98	0,2055	0,605	NAN	
34	0,1965	0,61	NAN	
34,02	0,204	0,605	NAN	
34,04	0,2175	0,61	NAN	
34,06	0,2025	0,61	NAN	
34,08	0,153	0,61	NAN	
34,1	0,195	0,62	NAN	
34,12	0,138	0,615	NAN	
34,14	0,27	0,62	NAN	
34,16	0,1845	0,615	NAN	
34,18	0,153	0,62	NAN	
34,2	0,213	0,625	NAN	
34,22	0,18	0,625	NAN	
34,24	0,219	0,63	NAN	
34,26	0,222	0,62	NAN	
34,28	0,138	0,63	NAN	
34,3	0,192	0,635	NAN	
34,32	0,1785	0,63	NAN	
34,34	0,2265	0,64	NAN	
34,36	0,117	0,63	NAN	
34,38	0,168	0,64	NAN	
34,4	0,1545	0,645	NAN	
34,42	0,174	0,64	NAN	
34,44	0,204	0,645	NAN	
34,46	0,186	0,65	NAN	
34,48	0,219	0,65	NAN	
34,5	0,1185	0,65	NAN	
34,52	0,2055	0,65	NAN	
34,54	0,237	0,655	NAN	
34,56	0,1635	0,65	NAN	
34,58	0,1635	0,66	NAN	
34,6	0,1605	0,67	NAN	
34,62	0,1395	0,66	NAN	
34,64	0,225	0,67	NAN	
34,66	0,1875	0,66	NAN	
34,68	0,234	0,665	NAN	
34,7	0,2595	0,665	NAN	
34,72	0,183	0,67	NAN	
34,74	0,204	0,675	NAN	
34,76	0,1695	0,67	NAN	
34,78	0,156	0,68	NAN	
34,8	0,1905	0,67	NAN	
34,82	0,1635	0,685	NAN	
34,84	0,1545	0,685	NAN	
34,86	0,2025	0,68	NAN	
34,88	0,18	0,685	NAN	
34,9	0,1575	0,69	NAN	
34,92	0,2085	0,69	NAN	
34,94	0,2055	0,695	NAN	
34,96	0,246	0,69	NAN	
34,98	0,21	0,7	NAN	
35	0,204	0,695	NAN	
35,02	0,1455	0,705	NAN	
35,04	0,1425	0,705	NAN	
35,06	0,2325	0,7	NAN	
35,08	0,189	0,71	NAN	
35,1	0,147	0,705	NAN	
35,12	0,1695	0,715	NAN	
35,14	0,18	0,715	NAN	
35,16	0,1995	0,71	NAN	
35,18	0,171	0,725	NAN	
35,2	0,177	0,72	NAN	
35,22	0,171	0,73	NAN	
35,24	0,186	0,725	NAN	
35,26	0,141	0,725	NAN	
35,28	0,2025	0,73	NAN	
35,3	0,1365	0,725	NAN	
35,32	0,1935	0,735	NAN	
35,34	0,153	0,735	NAN	
35,36	0,171	0,74	NAN	
35,38	0,21	0,745	NAN	
35,4	0,1725	0,74	NAN	
35,42	0,1845	0,745	NAN	
35,44	0,2505	0,745	NAN	
35,46	0,1305	0,745	NAN	
35,48	0,1365	0,755	NAN	
35,5	0,1305	0,745	NAN	
35,52	0,132	0,76	NAN	
35,54	0,1665	0,755	NAN	
35,56	0,21	0,76	NAN	
35,58	0,165	0,765	NAN	
35,6	0,165	0,76	NAN	
35,62	0,1725	0,77	NAN	
35,64	0,2415	0,77	NAN	
35,66	0,1485	0,77	NAN	
35,68	0,204	0,78	NAN	
35,7	0,159	0,775	NAN	
35,72	0,165	0,785	NAN	
35,74	0,1125	0,785	NAN	
35,76	0,1575	0,785	NAN	
35,78	0,246	0,79	NAN	
35,8	0,1365	0,79	NAN	
35,82	0,1665	0,795	NAN	
35,84	0,186	0,79	NAN	
35,86	0,1815	0,8	NAN	
35,88	0,1665	0,795	NAN	
35,9	0,1785	0,8	NAN	
35,92	0,147	0,805	NAN	
35,94	0,147	0,805	NAN	
35,96	0,1905	0,81	NAN	
35,98	0,2115	0,81	NAN	
36	0,078	0,81	NAN	
36,02	0,0945	0,82	NAN	
36,04	0,1125	0,825	NAN	
36,06	0,1935	0,825	NAN	
36,08	0,15	0,82	NAN	
36,1	0,1845	0,83	NAN	
36,12	0,195	0,835	NAN	
36,14	0,159	0,835	NAN	
36,16	0,1755	0,84	NAN	
36,18	0,156	0,84	NAN	
36,2	0,168	0,845	NAN	
36,22	0,1755	0,845	NAN	
36,24	0,1725	0,84	NAN	
36,26	0,066	0,855	NAN	
36,28	0,15	0,845	NAN	
36,3	0,114	0,855	NAN	
36,32	0,1515	0,86	NAN	
36,34	0,132	0,855	NAN	
36,36	0,2025	0,865	NAN	
36,38	0,252	0,86	NAN	
36,4	0,1155	0,875	NAN	
36,42	0,126	0,865	NAN	
36,44	0,2265	0,875	NAN	
36,46	0,1065	0,88	NAN	
36,48	0,1575	0,88	NAN	
36,5	0,15	0,885	NAN	
36,52	0,1935	0,89	NAN	
36,54	0,1935	0,89	NAN	
36,56	0,126	0,895	NAN	
36,58	0,177	0,895	NAN	
36,6	0,081	0,895	NAN	
36,62	0,153	0,9	NAN	
36,64	0,1005	0,9	NAN	
36,66	0,2505	0,905	NAN	
36,68	0,2295	0,905	NAN	
36,7	0,0825	0,915	NAN	
36,72	0,1185	0,915	NAN	
36,74	0,1965	0,915	NAN	
36,76	0,108	0,92	NAN	
36,78	0,129	0,92	NAN	
36,8	0,225	0,93	NAN	
36,82	0,177	0,925	NAN	
36,84	0,2085	0,93	NAN	
36,86	0,21	0,935	NAN	
36,88	0,192	0,93	NAN	
36,9	0,1455	0,94	NAN	
36,92	0,1065	0,94	NAN	
36,94	0,207	0,95	NAN	
36,96	0,1305	0,95	NAN	
36,98	0,135	0,95	NAN	
37	0,1545	0,96	NAN	
37,02	0,192	0,955	NAN	
37,04	0,174	0,96	NAN	
37,06	0,1305	0,965	NAN	
37,08	0,207	0,965	NAN	
37,1	0,159	0,975	NAN	
37,12	0,1335	0,965	NAN	
37,14	0,156	0,975	NAN	
37,16	0,198	0,975	NAN	
37,18	0,198	0,98	NAN	
37,2	0,1515	0,985	NAN	
37,22	0,0495	0,985	NAN	
37,24	0,0795	0,99	NAN	
37,26	0,1425	0,99	NAN	
37,28	0,1065	0,995	NAN	
37,3	0,159	1	NAN	
37,32	0,192	0,995	NAN	
37,34	0,1665	1,005	NAN	
37,36	0,1275	1	NAN	
37,38	0,1215	1,01	NAN	
37,4	0,1305	1,01	NAN	
37,42	0,1545	1,015	NAN	
37,44	0,171	1,025	NAN	
37,46	0,1095	1,02	NAN	
37,48	0,1185	1,025	NAN	
37,5	0,2025	1,025	NAN	
37,52	0,0855	1,035	NAN	
37,54	0,2595	1,04	NAN	
37,56	0,1425	1,035	NAN	
37,58	0,15	1,04	NAN	
37,6	0,1095	1,04	NAN	
37,62	0,1005	1,04	NAN	
37,64	0,1395	1,045	NAN	
37,66	0,1125	1,04	NAN	
37,68	0,0975	1,05	NAN	
37,7	0,186	1,055	NAN	
37,72	0,102	1,055	NAN	
37,74	0,1395	1,065	NAN	
37,76	0,159	1,055	NAN	
37,78	0,1935	1,07	NAN	
37,8	0,153	1,065	NAN	
37,82	0,156	1,07	NAN	
37,84	0,198	1,075	NAN	
37,86	0,186	1,075	NAN	
37,88	0,102	1,08	NAN	
37,9	0,1125	1,085	NAN	
37,92	0,129	1,085	NAN	
37,94	0,1335	1,09	NAN	
37,96	0,1275	1,09	NAN	
37,98	0,135	1,095	NAN	
38	0,1245	1,095	NAN	
38,02	0,1545	1,1	NAN	
38,04	0,1935	1,105	NAN	
38,06	0,1305	1,1	NAN	
38,08	0,1575	1,115	NAN	
38,1	0,1275	1,11	NAN	
38,12	0,192	1,12	NAN	
38,14	0,093	1,125	NAN	
38,16	0,072	1,12	NAN	
38,18	0,1605	1,13	NAN	
38,2	0,144	1,125	NAN	
38,22	0,147	1,13	NAN	
38,24	0,0765	1,13	NAN	
38,26	0,09	1,135	NAN	
38,28	0,165	1,14	NAN	
38,3	0,1365	1,14	NAN	
38,32	0,1815	1,14	NAN	
38,34	0,1335	1,145	NAN	
38,36	0,1785	1,15	NAN	
38,38	0,165	1,15	NAN	
38,4	0,165	1,15	NAN	
38,42	0,1845	1,155	NAN	
38,44	0,135	1,155	NAN	
38,46	0,084	1,16	NAN	
38,48	0,1095	1,165	NAN	
38,5	0,0915	1,16	NAN	
38,52	0,1575	1,17	NAN	
38,54	0,0765	1,17	NAN	
38,56	0,1335	1,175	NAN	
38,58	0,126	1,18	NAN	
38,6	0,039	1,175	NAN	
38,62	0,0795	1,185	NAN	
38,64	0,159	1,18	NAN	
38,66	0,138	1,19	NAN	
38,68	0,0735	1,195	NAN	
38,7	0,081	1,195	NAN	
38,72	0,093	1,2	NAN	
38,74	0,15	1,195	NAN	
38,76	0,1065	1,205	NAN	
38,78	0,1005	1,21	NAN	
38,8	0,1005	1,205	NAN	
38,82	0,153	1,21	NAN	
38,84	0,0705	1,21	NAN	
38,86	0,132	1,215	NAN	
38,88	0,1605	1,22	NAN	
38,9	0,1275	1,22	NAN	
38,92	0,093	1,23	NAN	
38,94	0,093	1,22	NAN	
38,96	0,1305	1,235	NAN	
38,98	0,0585	1,225	NAN	
39	0,1095	1,24	NAN	
39,02	0,0585	1,24	NAN	
39,04	0,0555	1,235	NAN	
39,06	0,0795	1,25	NAN	
39,08	0,087	1,24	NAN	
39,1	0,0735	1,25	NAN	
39,12	0,0705	1,25	NAN	
39,14	0,1455	1,26	NAN	
39,16	0,0825	1,26	NAN	
39,18	0,1185	1,26	NAN	
39,2	0,138	1,265	NAN	
39,22	0,1335	1,265	NAN	
39,24	0,1035	1,265	NAN	
39,26	0,1515	1,28	NAN	
39,28	0,1065	1,27	NAN	
39,3	0,1155	1,285	NAN	
39,32	0,093	1,28	NAN	
39,34	0,078	1,285	NAN	
39,36	0,105	1,285	NAN	
39,38	0,0825	1,29	NAN	
39,4	0,084	1,3	NAN	
39,42	0,1005	1,295	NAN	
39,44	0,0495	1,305	NAN	
39,46	-0,0165	1,305	NAN	
39,48	0,0555	1,305	NAN	
39,5	0,147	1,32	NAN	
39,52	0,0735	1,31	NAN	
39,54	0,0705	1,32	NAN	
39,56	-0,021	1,32	NAN	
39,58	0,1065	1,325	NAN	
39,6	0,1245	1,33	NAN	
39,62	0,111	1,33	NAN	
39,64	0,0525	1,33	NAN	
39,66	0,057	1,33	NAN	
39,68	0,033	1,335	NAN	
39,7	0,1365	1,34	NAN	
39,72	0,09	1,345	NAN	
39,74	0,108	1,355	NAN	
39,76	0,0735	1,34	NAN	
39,78	0,0945	1,355	NAN	
39,8	0,0585	1,35	NAN	
39,82	0,108	1,355	NAN	
39,84	0,0375	1,36	NAN	
39,86	0,0255	1,36	NAN	
39,88	0,105	1,37	NAN	
39,9	0,0765	1,365	NAN	
39,92	0,048	1,375	NAN	
39,94	-0,0075	1,375	NAN	
39,96	0,069	1,375	NAN	
39,98	0,0765	1,385	NAN	
40	0,066	1,38	NAN	
40,02	0,0405	1,39	NAN	
40,04	0,0225	1,395	NAN	
40,06	0,0315	1,395	NAN	
40,08	0,1035	1,4	NAN	
40,1	0,075	1,395	NAN	
40,12	0,0285	1,41	NAN	
40,14	0,0045	1,405	NAN	
40,16	0,0105	1,415	NAN	
40,18	0,03	1,415	NAN	
40,2	0,0855	1,415	NAN	
40,22	0,093	1,425	NAN	
40,24	0,006	1,42	NAN	
40,26	0,0495	1,42	NAN	
40,28	0,0165	1,435	NAN	
40,3	0,057	1,43	NAN	
40,32	-0,039	1,44	NAN	
40,34	0,0675	1,435	NAN	
40,36	0,03	1,44	NAN	
40,38	0,0405	1,445	NAN	
40,4	-0,0015	1,44	NAN	
40,42	0,0345	1,455	NAN	
40,44	0,006	1,465	NAN	
40,46	0,0105	1,46	NAN	
40,48	0,036	1,46	NAN	
40,5	0,033	1,465	NAN	
40,52	-0,015	1,475	NAN	
40,54	0,0075	1,47	NAN	
40,56	0,0645	1,475	NAN	
40,58	-0,0825	1,48	NAN	
40,6	0,0135	1,475	NAN	
40,62	0,0615	1,485	NAN	
40,64	-0,0135	1,48	NAN	
40,66	0,0315	1,49	NAN	
40,68	0,0735	1,49	NAN	
40,7	0,054	1,49	NAN	
40,72	0,0285	1,5	NAN	
40,74	0,018	1,5	NAN	
40,76	-0,0165	1,51	NAN	
40,78	0,0375	1,495	NAN	
40,8	0,033	1,51	NAN	
40,82	-0,009	1,535	NAN	
40,84	0,0435	1,515	NAN	
40,86	0,003	1,52	NAN	
40,88	0	1,52	NAN	
40,9	0,009	1,525	NAN	
40,92	-0,0435	1,53	NAN	
40,94	-0,039	1,525	NAN	
40,96	0,003	1,535	NAN	
40,98	0	1,53	NAN	
41	0,0225	1,54	NAN	
41,02	0,003	1,54	NAN	
41,04	0,027	1,54	NAN	
41,06	-0,0165	1,55	NAN	
41,08	-0,0345	1,545	NAN	
41,1	-0,0555	1,55	NAN	
41,12	0,033	1,555	NAN	
41,14	-0,027	1,555	NAN	
41,16	-0,0105	1,565	NAN	
41,18	-0,036	1,56	NAN	
41,2	0,033	1,57	NAN	
41,22	0,0315	1,57	NAN	
41,24	0,012	1,575	NAN	
41,26	0,0075	1,58	NAN	
41,28	0,0045	1,58	NAN	
41,3	-0,009	1,59	NAN	
41,32	-0,1125	1,585	NAN	
41,34	0,0075	1,585	NAN	
41,36	-0,042	1,59	NAN	
41,38	-0,048	1,59	NAN	
41,4	-0,0645	1,6	NAN	
41,42	0,006	1,6	NAN	
41,44	0,0105	1,605	NAN	
41,46	-0,003	1,605	NAN	
41,48	0,0405	1,61	NAN	
41,5	-0,1245	1,61	NAN	
41,52	-0,0555	1,61	NAN	
41,54	-0,0105	1,62	NAN	
41,56	-0,0495	1,62	NAN	
41,58	-0,057	1,62	NAN	
41,6	-0,0315	1,63	NAN	
41,62	0,036	1,62	NAN	
41,64	-0,0645	1,635	NAN	
41,66	-0,0585	1,635	NAN	
41,68	-0,0855	1,645	NAN	
41,7	-0,0975	1,645	NAN	
41,72	-0,084	1,645	NAN	
41,74	-0,135	1,65	NAN	
41,76	-0,0705	1,65	NAN	
41,78	-0,0495	1,66	NAN	
41,8	-0,0255	1,66	NAN	
41,82	-0,0135	1,66	NAN	
41,84	-0,078	1,665	NAN	
41,86	-0,06	1,665	NAN	
41,88	-0,0495	1,67	NAN	
41,9	-0,1065	1,68	NAN	
41,92	-0,015	1,675	NAN	
41,94	-0,0045	1,685	NAN	
41,96	-0,057	1,675	NAN	
41,98	-0,042	1,685	NAN	
42	-0,0165	1,685	NAN	
42,02	-0,042	1,69	NAN	
42,04	-0,1185	1,695	NAN	
42,06	-0,108	1,695	NAN	
42,08	-0,0825	1,7	NAN	
42,1	-0,03	1,7	NAN	
42,12	-0,129	1,705	NAN	
42,14	-0,1065	1,715	NAN	
42,16	-0,0585	1,715	NAN	
42,18	-0,105	1,72	NAN	
42,2	-0,0555	1,715	NAN	
42,22	-0,066	1,725	NAN	
42,24	-0,0975	1,725	NAN	
42,26	-0,087	1,725	NAN	
42,28	-0,1305	1,735	NAN	
42,3	-0,0045	1,73	NAN	
42,32	-0,1005	1,74	NAN	
42,34	-0,03	1,74	NAN	
42,36	-0,138	1,74	NAN	
42,38	-0,129	1,75	NAN	
42,4	-0,12	1,745	NAN	
42,42	-0,114	1,755	NAN	
42,44	-0,075	1,755	NAN	
42,46	-0,2115	1,76	NAN	
42,48	-0,1185	1,765	NAN	
42,5	-0,1575	1,76	NAN	
42,52	-0,1305	1,77	NAN	
42,54	-0,1335	1,77	NAN	
42,56	-0,1605	1,79	NAN	
42,58	-0,1005	1,78	NAN	
42,6	-0,1305	1,775	NAN	
42,62	-0,114	1,785	NAN	
42,64	-0,0735	1,785	NAN	
42,66	-0,0435	1,79	NAN	
42,68	-0,1125	1,795	NAN	
42,7	-0,1035	1,795	NAN	
42,72	-0,177	1,805	NAN	
42,74	-0,213	1,8	NAN	
42,76	-0,174	1,805	NAN	
42,78	-0,078	1,81	NAN	
42,8	-0,1545	1,81	NAN	
42,82	-0,096	1,82	NAN	
42,84	-0,153	1,82	NAN	
42,86	-0,141	1,82	NAN	
42,88	-0,144	1,83	NAN	
42,9	-0,1725	1,825	NAN	
42,92	-0,159	1,84	NAN	
42,94	-0,1515	1,83	NAN	
42,96	-0,1455	1,84	NAN	
42,98	-0,213	1,845	NAN	
43	-0,1815	1,845	NAN	
43,02	-0,192	1,85	NAN	
43,04	-0,1305	1,855	NAN	
43,06	-0,165	1,855	NAN	
43,08	-0,222	1,86	NAN	
43,1	-0,207	1,865	NAN	
43,12	-0,1785	1,87	NAN	
43,14	-0,1665	1,86	NAN	
43,16	-0,2115	1,87	NAN	
43,18	-0,1965	1,87	NAN	
43,2	-0,162	1,875	NAN	
43,22	-0,222	1,88	NAN	
43,24	-0,1335	1,88	NAN	
43,26	-0,177	1,885	NAN	
43,28	-0,2385	1,885	NAN	
43,3	-0,1755	1,895	NAN	
43,32	-0,1935	1,9	NAN	
43,34	-0,2115	1,9	NAN	
43,36	-0,2595	1,905	NAN	
43,38	-0,2535	1,905	NAN	
43,4	-0,2205	1,91	NAN	
43,42	-0,1965	1,91	NAN	
43,44	-0,2505	1,915	NAN	
43,46	-0,192	1,92	NAN	
43,48	-0,2565	1,92	NAN	
43,5	-0,2085	1,925	NAN	
43,52	-0,2175	1,925	NAN	
43,54	-0,2385	1,93	NAN	
43,56	-0,2835	1,94	NAN	
43,58	-0,2115	1,935	NAN	
43,6	-0,273	1,945	NAN	
43,62	-0,2295	1,94	NAN	
43,64	-0,27	1,95	NAN	
43,66	-0,276	1,95	NAN	
43,68	-0,348	1,955	NAN	
43,7	-0,3015	1,96	NAN	
43,72	-0,2355	1,955	NAN	
43,74	-0,2775	1,965	NAN	
43,76	-0,2445	1,965	NAN	
43,78	-0,2715	1,97	NAN	
43,8	-0,294	1,975	NAN	
43,82	-0,3	1,975	NAN	
43,84	-0,2865	1,98	NAN	
43,86	-0,342	1,985	NAN	
43,88	-0,3195	1,985	NAN	
43,9	-0,3015	1,995	NAN	
43,92	-0,2805	1,99	NAN	
43,94	-0,21	2,005	NAN	
43,96	-0,336	1,995	NAN	
43,98	-0,306	2,01	NAN	
44	-0,288	2,01	NAN	
44,02	-0,3	2,005	NAN	
44,04	-0,2865	2,02	NAN	
44,06	-0,4035	2,01	NAN	
44,08	-0,3435	2,025	NAN	
44,1	-0,3555	2,02	NAN	
44,12	-0,3465	2,03	NAN	
44,14	-0,3735	2,03	NAN	
44,16	-0,411	2,03	NAN	
44,18	-0,3945	2,035	NAN	
44,2	-0,354	2,04	NAN	
44,22	-0,3195	2,045	NAN	
44,24	-0,4425	2,05	NAN	
44,26	-0,3375	2,05	NAN	
44,28	-0,45	2,06	NAN	
44,3	-0,372	2,055	NAN	
44,32	-0,342	2,06	NAN	
44,34	-0,33	2,065	NAN	
44,36	-0,4545	2,07	NAN	
44,38	-0,4425	2,075	NAN	
44,4	-0,426	2,07	NAN	
44,42	-0,3675	2,08	NAN	
44,44	-0,4515	2,085	NAN	
44,46	-0,375	2,085	NAN	
44,48	-0,345	2,095	NAN	
44,5	-0,435	2,085	NAN	
44,52	-0,432	2,095	NAN	
44,54	-0,3855	2,095	NAN	
44,56	-0,4125	2,105	NAN	
44,58	-0,4635	2,11	NAN	
44,6	-0,4665	2,105	NAN	
44,62	-0,4545	2,115	NAN	
44,64	-0,4755	2,11	NAN	
44,66	-0,4635	2,12	NAN	
44,68	-0,471	2,125	NAN	
44,7	-0,4305	2,125	NAN	
44,72	-0,4905	2,13	NAN	
44,74	-0,477	2,13	NAN	
44,76	-0,5775	2,135	NAN	
44,78	-0,5325	2,145	NAN	
44,8	-0,504	2,14	NAN	
44,82	-0,531	2,15	NAN	
44,84	-0,486	2,145	NAN	
44,86	-0,519	2,16	NAN	
44,88	-0,5655	2,155	NAN	
44,9	-0,5505	2,16	NAN	
44,92	-0,564	2,165	NAN	
44,94	-0,5565	2,165	NAN	
44,96	-0,5835	2,175	NAN	
44,98	-0,633	2,17	NAN	
45	-0,5025	2,18	NAN	
45,02	-0,576	2,185	NAN	
45,04	-0,6255	2,185	NAN	
45,06	-0,6495	2,19	NAN	
45,08	-0,6	2,19	NAN	
45,1	-0,6015	2,2	NAN	
45,12	-0,5895	2,2	NAN	
45,14	-0,645	2,205	NAN	
45,16	-0,6615	2,21	NAN	
45,18	-0,66	2,21	NAN	
45,2	-0,6495	2,215	NAN	
45,22	-0,723	2,215	NAN	
45,24	-0,6825	2,22	NAN	
45,26	-0,6315	2,225	NAN	
45,28	-0,7155	2,225	NAN	
45,3	-0,663	2,235	NAN	
45,32	-0,69	2,23	NAN	
45,34	-0,7455	2,24	NAN	
45,36	-0,657	2,24	NAN	
45,38	-0,7215	2,25	NAN	
45,4	-0,8235	2,25	NAN	
45,42	-0,735	2,25	NAN	
45,44	-0,7665	2,26	NAN	
45,46	-0,7575	2,26	NAN	
45,48	-0,756	2,265	NAN	
45,5	-0,7845	2,275	NAN	
45,52	-0,7545	2,275	NAN	
45,54	-0,789	2,28	NAN	
45,56	-0,8325	2,28	NAN	
45,58	-0,7485	2,285	NAN	
45,6	-0,8535	2,295	NAN	
45,62	-0,8745	2,29	NAN	
45,64	-0,882	2,3	NAN	
45,66	-0,8745	2,3	NAN	
45,68	-0,8895	2,305	NAN	
45,7	-0,8565	2,31	NAN	
45,72	-0,8565	2,31	NAN	
45,74	-0,963	2,32	NAN	
45,76	-0,906	2,315	NAN	
45,78	-0,9255	2,325	NAN	
45,8	-0,9915	2,325	NAN	
45,82	-0,93	2,33	NAN	
45,84	-0,93	2,34	NAN	
45,86	-1,0155	2,335	NAN	
45,88	-1,08	2,35	NAN	
45,9	-0,9345	2,34	NAN	
45,92	-0,9885	2,355	NAN	
45,94	-1,002	2,355	NAN	
45,96	-1,0935	2,36	NAN	
45,98	-1,0965	2,365	NAN	
46	-1,083	2,37	NAN	
46,02	-1,104	2,37	NAN	
46,04	-1,128	2,375	NAN	
46,06	-1,1145	2,38	NAN	
46,08	-1,113	2,39	NAN	
46,1	-1,182	2,385	NAN	
46,12	-1,1655	2,395	NAN	
46,14	-1,131	2,39	NAN	
46,16	-1,1595	2,4	NAN	
46,18	-1,29	2,405	NAN	
46,2	-1,3125	2,405	NAN	
46,22	-1,2375	2,415	NAN	
46,24	-1,263	2,41	NAN	
46,26	-1,2015	2,42	NAN	
46,28	-1,3035	2,425	NAN	
46,3	-1,305	2,425	NAN	
46,32	-1,275	2,43	NAN	
46,34	-1,3635	2,425	NAN	
46,36	-1,3515	2,435	NAN	
46,38	-1,335	2,44	NAN	
46,4	-1,389	2,445	NAN	
46,42	-1,431	2,445	NAN	
46,44	-1,3395	2,445	NAN	
46,46	-1,3995	2,455	NAN	
46,48	-1,3665	2,455	NAN	
46,5	-1,4205	2,46	NAN	
46,52	-1,461	2,47	NAN	
46,54	-1,4835	2,465	NAN	
46,56	-1,452	2,475	NAN	
46,58	-1,491	2,47	NAN	
46,6	-1,4595	2,485	NAN	
46,62	-1,5795	2,48	NAN	
46,64	-1,551	2,485	NAN	
46,66	-1,5795	2,49	NAN	
46,68	-1,5765	2,49	NAN	
46,7	-1,599	2,5	NAN	
46,72	-1,578	2,505	NAN	
46,74	-1,617	2,505	NAN	
46,76	-1,6485	2,515	NAN	
46,78	-1,6035	2,51	NAN	
46,8	-1,5765	2,515	NAN	
46,82	-1,647	2,52	NAN	
46,84	-1,596	2,53	NAN	
46,86	-1,674	2,53	NAN	
46,88	-1,6335	2,53	NAN	
46,9	-1,626	2,54	NAN	
46,92	-1,6515	2,535	NAN	
46,94	-1,698	2,545	NAN	
46,96	-1,638	2,55	NAN	
46,98	-1,6455	2,55	NAN	
47	-1,6515	2,56	NAN	
47,02	-1,674	2,56	NAN	
47,04	-1,722	2,57	NAN	
47,06	-1,6845	2,565	NAN	
47,08	-1,6815	2,57	NAN	
47,1	-1,704	2,585	NAN	
47,12	-1,707	2,58	NAN	
47,14	-1,776	2,59	NAN	
47,16	-1,7085	2,585	NAN	
47,18	-1,7205	2,595	NAN	
47,2	-1,689	2,605	NAN	
47,22	-1,6065	2,6	NAN	
47,24	-1,635	2,61	NAN	
47,26	-1,692	2,61	NAN	
47,28	-1,581	2,615	NAN	
47,3	-1,692	2,615	NAN	
47,32	-1,59	2,625	NAN	
47,34	-1,542	2,63	NAN	
47,36	-1,6335	2,63	NAN	
47,38	-1,596	2,64	NAN	
47,4	-1,5435	2,63	NAN	
47,42	-1,5345	2,645	NAN	
47,44	-1,506	2,65	NAN	
47,46	-1,5495	2,65	NAN	
47,48	-1,5375	2,655	NAN	
47,5	-1,542	2,655	NAN	
47,52	-1,479	2,665	NAN	
47,54	-1,461	2,67	NAN	
47,56	-1,476	2,675	NAN	
47,58	-1,395	2,685	NAN	
47,6	-1,4475	2,675	NAN	
47,62	-1,3605	2,69	NAN	
47,64	-1,368	2,69	NAN	
47,66	-1,3545	2,695	NAN	
47,68	-1,302	2,705	NAN	
47,7	-1,293	2,7	NAN	
47,72	-1,284	2,71	NAN	
47,74	-1,305	2,71	NAN	
47,76	-1,299	2,715	NAN	
47,78	-1,278	2,725	NAN	
47,8	-1,272	2,725	NAN	
47,82	-1,0965	2,735	NAN	
47,84	-1,2075	2,73	NAN	
47,86	-1,197	2,745	NAN	
47,88	-1,1685	2,74	NAN	
47,9	-1,1745	2,755	NAN	
47,92	-1,137	2,76	NAN	
47,94	-1,173	2,755	NAN	
47,96	-1,08	2,765	NAN	
47,98	-1,0965	2,765	NAN	
48	-1,1025	2,765	NAN	
48,02	-1,056	2,775	NAN	
48,04	-1,0275	2,78	NAN	
48,06	-1,0305	2,78	NAN	
48,08	-1,0425	2,79	NAN	
48,1	-0,951	2,79	NAN	
48,12	-1,047	2,79	NAN	
48,14	-0,9075	2,805	NAN	
48,16	-0,9795	2,8	NAN	
48,18	-0,99	2,81	NAN	
48,2	-0,879	2,81	NAN	
48,22	-0,8685	2,815	NAN	
48,24	-0,825	2,82	NAN	
48,26	-0,8625	2,82	NAN	
48,28	-0,8895	2,825	NAN	
48,3	-0,8625	2,835	NAN	
48,32	-0,8415	2,83	NAN	
48,34	-0,822	2,84	NAN	
48,36	-0,777	2,845	NAN	
48,38	-0,798	2,845	NAN	
48,4	-0,7455	2,855	NAN	
48,42	-0,822	2,855	NAN	
48,44	-0,783	2,86	NAN	
48,46	-0,798	2,865	NAN	
48,48	-0,7365	2,865	NAN	
48,5	-0,7035	2,885	NAN	
48,52	-0,726	2,88	NAN	
48,54	-0,8235	2,875	NAN	
48,56	-0,7335	2,885	NAN	
48,58	-0,7785	2,89	NAN	
48,6	-0,6675	2,89	NAN	
48,62	-0,633	2,9	NAN	
48,64	-0,657	2,9	NAN	
48,66	-0,6915	2,905	NAN	
48,68	-0,603	2,915	NAN	
48,7	-0,5925	2,905	NAN	
48,72	-0,6915	2,92	NAN	
48,74	-0,579	2,915	NAN	
48,76	-0,6645	2,925	NAN	
48,78	-0,591	2,93	NAN	
48,8	-0,6225	2,93	NAN	
48,82	-0,594	2,94	NAN	
48,84	-0,639	2,94	NAN	
48,86	-0,5055	2,95	NAN	
48,88	-0,6255	2,95	NAN	
48,9	-0,552	2,955	NAN	
48,92	-0,573	2,96	NAN	
48,94	-0,5775	2,96	NAN	
48,96	-0,5325	2,97	NAN	
48,98	-0,5625	2,975	NAN	
49	-0,5085	2,975	NAN	
49,02	-0,5325	2,985	NAN	
49,04	-0,4515	2,98	NAN	
49,06	-0,537	2,99	NAN	
49,08	-0,4725	2,99	NAN	
49,1	-0,4635	3	NAN	
49,12	-0,5385	3	NAN	
49,14	-0,4635	3,005	NAN	
49,16	-0,477	3,015	NAN	
49,18	-0,4725	3,01	NAN	
49,2	-0,483	3,02	NAN	
49,22	-0,4395	3,03	NAN	
49,24	-0,498	3,025	NAN	
49,26	-0,45	3,035	NAN	
49,28	-0,4155	3,03	NAN	
49,3	-0,4485	3,045	NAN	
49,32	-0,411	3,05	NAN	
49,34	-0,363	3,05	NAN	
49,36	-0,396	3,06	NAN	
49,38	-0,4005	3,06	NAN	
49,4	-0,363	3,065	NAN	
49,42	-0,405	3,065	NAN	
49,44	-0,384	3,075	NAN	
49,46	-0,3405	3,085	NAN	
49,48	-0,369	3,08	NAN	
49,5	-0,366	3,09	NAN	
49,52	-0,4125	3,09	NAN	
49,54	-0,3345	3,095	NAN	
49,56	-0,387	3,1	NAN	
49,58	-0,3675	3,105	NAN	
49,6	-0,3795	3,12	NAN	
49,62	-0,2565	3,115	NAN	
49,64	-0,288	3,125	NAN	
49,66	-0,3885	3,125	NAN	
49,68	-0,3675	3,13	NAN	
49,7	-0,273	3,14	NAN	
49,72	-0,387	3,14	NAN	
49,74	-0,378	3,15	NAN	
49,76	-0,348	3,15	NAN	
49,78	-0,264	3,155	NAN	
49,8	-0,2535	3,16	NAN	
49,82	-0,3105	3,17	NAN	
49,84	-0,273	3,18	NAN	
49,86	-0,2865	3,175	NAN	
49,88	-0,2955	3,18	NAN	
49,9	-0,225	3,185	NAN	
49,92	-0,234	3,195	NAN	
49,94	-0,216	3,195	NAN	
49,96	-0,2835	3,2	NAN	
49,98	-0,2265	3,21	NAN	
50	-0,2655	3,21	NAN	
50,02	-0,231	3,215	NAN	
50,04	-0,2445	3,23	NAN	
50,06	-0,207	3,225	NAN	
50,08	-0,249	3,23	NAN	
50,1	-0,2295	3,235	NAN	
50,12	-0,2325	3,25	NAN	
50,14	-0,2325	3,245	NAN	
50,16	-0,2145	3,25	NAN	
50,18	-0,1515	3,265	NAN	
50,2	-0,126	3,265	NAN	
50,22	-0,15	3,27	NAN	
50,24	-0,201	3,275	NAN	
50,26	-0,177	3,28	NAN	
50,28	-0,1845	3,295	NAN	
50,3	-0,132	3,29	NAN	
50,32	-0,177	3,305	NAN	
50,34	-0,168	3,3	NAN	
50,36	-0,1605	3,31	NAN	
50,38	-0,1545	3,31	NAN	
50,4	-0,1455	3,32	NAN	
50,42	-0,1365	3,325	NAN	
50,44	-0,1695	3,325	NAN	
50,46	-0,1575	3,335	NAN	
50,48	-0,1575	3,34	NAN	
50,5	-0,132	3,34	NAN	
50,52	-0,201	3,355	NAN	
50,54	-0,1755	3,345	NAN	
50,56	-0,1185	3,36	NAN	
50,58	-0,069	3,36	NAN	
50,6	-0,0675	3,37	NAN	
50,62	-0,1545	3,38	NAN	
50,64	-0,1215	3,375	NAN	
50,66	-0,09	3,385	NAN	
50,68	-0,027	3,39	NAN	
50,7	-0,081	3,395	NAN	
50,72	-0,0735	3,4	NAN	
50,74	-0,0795	3,405	NAN	
50,76	-0,096	3,42	NAN	
50,78	-0,042	3,415	NAN	
50,8	-0,117	3,42	NAN	
50,82	-0,069	3,43	NAN	
50,84	-0,123	3,43	NAN	
50,86	-0,0975	3,44	NAN	
50,88	-0,0855	3,435	NAN	
50,9	-0,0555	3,45	NAN	
50,92	-0,0405	3,45	NAN	
50,94	-0,1275	3,455	NAN	
50,96	-0,051	3,465	NAN	
50,98	-0,1275	3,465	NAN	
51	-0,123	3,475	NAN	
51,02	0,0255	3,475	NAN	
51,04	-0,009	3,48	NAN	
51,06	-0,0015	3,495	NAN	
51,08	-0,0495	3,49	NAN	
51,1	0,027	3,5	NAN	
51,12	-0,1275	3,505	NAN	
51,14	-0,0075	3,51	NAN	
51,16	-0,006	3,515	NAN	
51,18	-0,0045	3,52	NAN	
51,2	-0,132	3,53	NAN	
51,22	0,0045	3,525	NAN	
51,24	-0,0165	3,535	NAN	
51,26	-0,033	3,545	NAN	
51,28	-0,0705	3,545	NAN	
51,3	0,051	3,555	NAN	
51,32	-0,0165	3,545	NAN	
51,34	0,0285	3,565	NAN	
51,36	-0,066	3,57	NAN	
51,38	-0,021	3,57	NAN	
51,4	-0,03	3,575	NAN	
51,42	-0,0795	3,58	NAN	
51,44	-0,0615	3,59	NAN	
51,46	-0,0075	3,595	NAN	
51,48	0,0165	3,595	NAN	
51,5	-0,0615	3,605	NAN	
51,52	0,033	3,61	NAN	
51,54	0,0735	3,615	NAN	
51,56	-0,0435	3,62	NAN	
51,58	0,036	3,625	NAN	
51,6	-0,042	3,635	NAN	
51,62	-0,003	3,63	NAN	
51,64	0,042	3,645	NAN	
51,66	0,054	3,64	NAN	
51,68	0,012	3,65	NAN	
51,7	0,0585	3,655	NAN	
51,72	0,051	3,66	NAN	
51,74	0,0105	3,665	NAN	
51,76	0,0105	3,665	NAN	
51,78	0,0855	3,675	NAN	
51,8	-0,033	3,68	NAN	
51,82	-0,0435	3,685	NAN	
51,84	0,027	3,69	NAN	
51,86	0,045	3,69	NAN	
51,88	0,027	3,7	NAN	
51,9	0,09	3,7	NAN	
51,92	0,0525	3,71	NAN	
51,94	-0,003	3,72	NAN	
51,96	0,057	3,715	NAN	
51,98	0,009	3,725	NAN	
52	-0,0195	3,715	NAN	
52,02	0,093	3,735	NAN	
52,04	0,0435	3,735	NAN	
52,06	0,075	3,74	NAN	
52,08	0,0975	3,75	NAN	
52,1	0,0585	3,745	NAN	
52,12	0,054	3,76	NAN	
52,14	0,057	3,76	NAN	
52,16	0,081	3,765	NAN	
52,18	0,0285	3,775	NAN	
52,2	0,0435	3,775	NAN	
52,22	0,099	3,785	NAN	
52,24	-0,045	3,785	NAN	
52,26	0,027	3,79	NAN	
52,28	0,084	3,8	NAN	
52,3	0,0885	3,8	NAN	
52,32	0,0345	3,81	NAN	
52,34	0,0975	3,805	NAN	
52,36	0,06	3,815	NAN	
52,38	0,0525	3,825	NAN	
52,4	0,081	3,825	NAN	
52,42	0,141	3,83	NAN	
52,44	0,144	3,83	NAN	
52,46	0,1605	3,84	NAN	
52,48	0,1155	3,845	NAN	
52,5	0,0825	3,85	NAN	
52,52	0,1125	3,86	NAN	
52,54	0,1125	3,85	NAN	
52,56	0,1065	3,87	NAN	
52,58	0,0825	3,865	NAN	
52,6	0,081	3,875	NAN	
52,62	0,081	3,88	NAN	
52,64	0,1575	3,88	NAN	
52,66	0,1245	3,89	NAN	
52,68	0,138	3,89	NAN	
52,7	0,0645	3,895	NAN	
52,72	0,081	3,905	NAN	
52,74	0,057	3,9	NAN	
52,76	0,0885	3,91	NAN	
52,78	0,111	3,91	NAN	
52,8	0,0675	3,92	NAN	
52,82	0,1215	3,93	NAN	
52,84	0,1995	3,925	NAN	
52,86	0,111	3,94	NAN	
52,88	0,1275	3,93	NAN	
52,9	0,129	3,945	NAN	
52,92	0,1575	3,945	NAN	
52,94	0,0885	3,95	NAN	
52,96	0,099	3,96	NAN	
52,98	0,087	3,955	NAN	
53	0,105	3,965	NAN	
53,02	0,162	3,97	NAN	
53,04	0,0525	3,975	NAN	
53,06	0,141	3,985	NAN	
53,08	0,132	3,98	NAN	
53,1	0,096	3,99	NAN	
53,12	0,123	3,99	NAN	
53,14	0,141	4	NAN	
53,16	0,081	4	NAN	
53,18	0,129	4,005	NAN	
53,2	0,09	4,01	NAN	
53,22	0,1965	4,01	NAN	
53,24	0,024	4,015	NAN	
53,26	0,1515	4,025	NAN	
53,28	0,111	4,025	NAN	
53,3	0,123	4,035	NAN	
53,32	0,168	4,03	NAN	
53,34	0,1965	4,04	NAN	
53,36	0,06	4,045	NAN	
53,38	0,1605	4,05	NAN	
53,4	0,1395	4,055	NAN	
53,42	0,117	4,05	NAN	
53,44	0,0945	4,06	NAN	
53,46	0,114	4,06	NAN	
53,48	0,156	4,07	NAN	
53,5	0,054	4,07	NAN	
53,52	0,108	4,075	NAN	
53,54	0,1785	4,085	NAN	
53,56	0,1155	4,08	NAN	
53,58	0,1335	4,09	NAN	
53,6	0,1665	4,095	NAN	
53,62	0,12	4,1	NAN	
53,64	0,1305	4,105	NAN	
53,66	0,1545	4,11	NAN	
53,68	0,159	4,11	NAN	
53,7	0,1575	4,12	NAN	
53,72	0,075	4,12	NAN	
53,74	0,1005	4,125	NAN	
53,76	0,1335	4,125	NAN	
53,78	0,1605	4,135	NAN	
53,8	0,1695	4,135	NAN	
53,82	0,159	4,145	NAN	
53,84	0,1245	4,15	NAN	
53,86	0,0795	4,145	NAN	
53,88	0,108	4,155	NAN	
53,9	0,1605	4,155	NAN	
53,92	0,1125	4,165	NAN	
53,94	0,099	4,17	NAN	
53,96	0,1125	4,18	NAN	
53,98	0,123	4,18	NAN	
54	0,1815	4,18	NAN	
54,02	0,114	4,19	NAN	
54,04	0,1395	4,19	NAN	
54,06	0,1335	4,195	NAN	
54,08	0,1275	4,2	NAN	
54,1	0,1365	4,2	NAN	
54,12	0,1005	4,205	NAN	
54,14	0,1185	4,215	NAN	
54,16	0,1425	4,21	NAN	
54,18	0,081	4,22	NAN	
54,2	0,1305	4,215	NAN	
54,22	0,1275	4,225	NAN	
54,24	0,084	4,22	NAN	
54,26	0,1275	4,235	NAN	
54,28	0,1545	4,24	NAN	
54,3	0,111	4,235	NAN	
54,32	0,102	4,25	NAN	
54,34	0,111	4,245	NAN	
54,36	0,216	4,255	NAN	
54,38	0,225	4,255	NAN	
54,4	0,1245	4,26	NAN	
54,42	0,1065	4,265	NAN	
54,44	0,1185	4,27	NAN	
54,46	0,099	4,27	NAN	
54,48	0,117	4,28	NAN	
54,5	0,114	4,285	NAN	
54,52	0,1995	4,29	NAN	
54,54	0,147	4,29	NAN	
54,56	0,1965	4,3	NAN	
54,58	0,1305	4,295	NAN	
54,6	0,2235	4,305	NAN	
54,62	0,1905	4,31	NAN	
54,64	0,237	4,31	NAN	
54,66	0,2085	4,315	NAN	
54,68	0,132	4,31	NAN	
54,7	0,189	4,325	NAN	
54,72	0,192	4,32	NAN	
54,74	0,1995	4,33	NAN	
54,76	0,213	4,335	NAN	
54,78	0,2265	4,33	NAN	
54,8	0,1665	4,345	NAN	
54,82	0,225	4,34	NAN	
54,84	0,2205	4,35	NAN	
54,86	0,183	4,35	NAN	
54,88	0,225	4,345	NAN	
54,9	0,1935	4,36	NAN	
54,92	0,1335	4,355	NAN	
54,94	0,2565	4,365	NAN	
54,96	0,1665	4,37	NAN	
54,98	0,1695	4,37	NAN	
55	0,2055	4,38	NAN	
55,02	0,2385	4,375	NAN	
55,04	0,132	4,38	NAN	
55,06	0,1815	4,385	NAN	
55,08	0,1275	4,385	NAN	
55,1	0,2115	4,39	NAN	
55,12	0,252	4,385	NAN	
55,14	0,252	4,4	NAN	
55,16	0,2175	4,395	NAN	
55,18	0,255	4,4	NAN	
55,2	0,2685	4,41	NAN	
55,22	0,159	4,41	NAN	
55,24	0,243	4,42	NAN	
55,26	0,216	4,41	NAN	
55,28	0,129	4,42	NAN	
55,3	0,261	4,425	NAN	
55,32	0,207	4,425	NAN	
55,34	0,252	4,43	NAN	
55,36	0,2265	4,425	NAN	
55,38	0,1665	4,435	NAN	
55,4	0,21	4,435	NAN	
55,42	0,21	4,44	NAN	
55,44	0,2355	4,445	NAN	
55,46	0,306	4,44	NAN	
55,48	0,339	4,45	NAN	
55,5	0,3165	4,45	NAN	
55,52	0,261	4,455	NAN	
55,54	0,2235	4,455	NAN	
55,56	0,2205	4,46	NAN	
55,58	0,2955	4,465	NAN	
55,6	0,219	4,465	NAN	
55,62	0,2415	4,47	NAN	
55,64	0,2085	4,475	NAN	
55,66	0,2355	4,475	NAN	
55,68	0,1725	4,485	NAN	
55,7	0,2625	4,475	NAN	
55,72	0,315	4,485	NAN	
55,74	0,2355	4,49	NAN	
55,76	0,2745	4,485	NAN	
55,78	0,2415	4,49	NAN	
55,8	0,2595	4,49	NAN	
55,82	0,249	4,495	NAN	
55,84	0,261	4,5	NAN	
55,86	0,2745	4,5	NAN	
55,88	0,2085	4,505	NAN	
55,9	0,276	4,5	NAN	
55,92	0,243	4,515	NAN	
55,94	0,2685	4,51	NAN	
55,96	0,213	4,52	NAN	
55,98	0,264	4,52	NAN	
56	0,2775	4,515	NAN	
56,02	0,2625	4,525	NAN	
56,04	0,264	4,52	NAN	
56,06	0,1875	4,53	NAN	
56,08	0,2565	4,53	NAN	
56,1	0,1815	4,53	NAN	
56,12	0,261	4,535	NAN	
56,14	0,222	4,53	NAN	
56,16	0,2505	4,54	NAN	
56,18	0,273	4,545	NAN	
56,2	0,2865	4,55	NAN	
56,22	0,2805	4,555	NAN	
56,24	0,198	4,55	NAN	
56,26	0,2205	4,555	NAN	
56,28	0,2175	4,56	NAN	
56,3	0,3105	4,56	NAN	
56,32	0,18	4,57	NAN	
56,34	0,3435	4,56	NAN	
56,36	0,3285	4,575	NAN	
56,38	0,1785	4,565	NAN	
56,4	0,2175	4,575	NAN	
56,42	0,3045	4,58	NAN	
56,44	0,2415	4,58	NAN	
56,46	0,2595	4,585	NAN	
56,48	0,228	4,57	NAN	
56,5	0,1935	4,59	NAN	
56,52	0,2625	4,59	NAN	
56,54	0,2175	4,595	NAN	
56,56	0,252	4,6	NAN	
56,58	0,2925	4,595	NAN	
56,6	0,2385	4,605	NAN	
56,62	0,2925	4,605	NAN	
56,64	0,2295	4,61	NAN	
56,66	0,2115	4,615	NAN	
56,68	0,2595	4,615	NAN	
56,7	0,2595	4,615	NAN	
56,72	0,258	4,615	NAN	
56,74	0,2865	4,62	NAN	
56,76	0,261	4,63	NAN	
56,78	0,2775	4,62	NAN	
56,8	0,249	4,63	NAN	
56,82	0,2385	4,625	NAN	
56,84	0,219	4,64	NAN	
56,86	0,258	4,635	NAN	
56,88	0,201	4,64	NAN	
56,9	0,2625	4,645	NAN	
56,92	0,249	4,64	NAN	
56,94	0,2835	4,65	NAN	
56,96	0,2295	4,65	NAN	
56,98	0,228	4,65	NAN	
57	0,315	4,655	NAN	
57,02	0,273	4,655	NAN	
57,04	0,2715	4,67	NAN	
57,06	0,2445	4,66	NAN	
57,08	0,243	4,665	NAN	
57,1	0,27	4,67	NAN	
57,12	0,2625	4,665	NAN	
57,14	0,237	4,675	NAN	
57,16	0,2475	4,67	NAN	
57,18	0,24	4,68	NAN	
57,2	0,2265	4,675	NAN	
57,22	0,2415	4,68	NAN	
57,24	0,4125	4,685	NAN	
57,26	0,2625	4,68	NAN	
57,28	0,3075	4,69	NAN	
57,3	0,237	4,685	NAN	
57,32	0,3225	4,695	NAN	
57,34	0,324	4,695	NAN	
57,36	0,3345	4,69	NAN	
57,38	0,303	4,7	NAN	
57,4	0,2775	4,695	NAN	
57,42	0,2565	4,705	NAN	
57,44	0,2565	4,705	NAN	
57,46	0,237	4,705	NAN	
57,48	0,2625	4,715	NAN	
57,5	0,2775	4,705	NAN	
57,52	0,294	4,72	NAN	
57,54	0,237	4,715	NAN	
57,56	0,342	4,72	NAN	
57,58	0,258	4,72	NAN	
57,6	0,2625	4,72	NAN	
57,62	0,321	4,73	NAN	
57,64	0,294	4,72	NAN	
57,66	0,2355	4,73	NAN	
57,68	0,3	4,73	NAN	
57,7	0,252	4,73	NAN	
57,72	0,1995	4,735	NAN	
57,74	0,306	4,735	NAN	
57,76	0,2385	4,74	NAN	
57,78	0,2535	4,745	NAN	
57,8	0,2415	4,74	NAN	
57,82	0,261	4,745	NAN	
57,84	0,264	4,74	NAN	
57,86	0,2175	4,75	NAN	
57,88	0,2505	4,75	NAN	
57,9	0,2295	4,75	NAN	
57,92	0,237	4,76	NAN	
57,94	0,2625	4,76	NAN	
57,96	0,342	4,765	NAN	
57,98	0,354	4,76	NAN	
58	0,2655	4,77	NAN	
58,02	0,282	4,765	NAN	
58,04	0,264	4,765	NAN	
58,06	0,246	4,77	NAN	
58,08	0,2625	4,765	NAN	
58,1	0,297	4,77	NAN	
58,12	0,237	4,775	NAN	
58,14	0,3075	4,775	NAN	
58,16	0,324	4,78	NAN	
58,18	0,255	4,775	NAN	
58,2	0,2505	4,785	NAN	
58,22	0,2355	4,78	NAN	
58,24	0,303	4,78	NAN	
58,26	0,2835	4,785	NAN	
58,28	0,309	4,78	NAN	
58,3	0,2895	4,79	NAN	
58,32	0,3465	4,79	NAN	
58,34	0,2445	4,79	NAN	
58,36	0,288	4,795	NAN	
58,38	0,2415	4,79	NAN	
58,4	0,2685	4,8	NAN	
58,42	0,279	4,79	NAN	
58,44	0,3045	4,795	NAN	
58,46	0,3105	4,8	NAN	
58,48	0,2415	4,8	NAN	
58,5	0,303	4,805	NAN	
58,52	0,2355	4,795	NAN	
58,54	0,2325	4,805	NAN	
58,56	0,2985	4,805	NAN	
58,58	0,3075	4,81	NAN	
58,6	0,2775	4,815	NAN	
58,62	0,2325	4,805	NAN	
58,64	0,2745	4,815	NAN	
58,66	0,2685	4,815	NAN	
58,68	0,2325	4,815	NAN	
58,7	0,27	4,82	NAN	
58,72	0,237	4,815	NAN	
58,74	0,246	4,825	NAN	
58,76	0,246	4,82	NAN	
58,78	0,2925	4,825	NAN	
58,8	0,327	4,83	NAN	
58,82	0,306	4,825	NAN	
58,84	0,2925	4,83	NAN	
58,86	0,303	4,825	NAN	
58,88	0,2745	4,83	NAN	
58,9	0,3	4,83	NAN	
58,92	0,3135	4,83	NAN	
58,94	0,2955	4,84	NAN	
58,96	0,2295	4,83	NAN	
58,98	0,312	4,84	NAN	
59	0,2685	4,835	NAN	
59,02	0,2745	4,84	NAN	
59,04	0,2475	4,84	NAN	
59,06	0,2355	4,84	NAN	
59,08	0,27	4,85	NAN	
59,1	0,2595	4,84	NAN	
59,12	0,3375	4,845	NAN	
59,14	0,2775	4,85	NAN	
59,16	0,2775	4,845	NAN	
59,18	0,315	4,855	NAN	
59,2	0,2265	4,85	NAN	
59,22	0,243	4,855	NAN	
59,24	0,2595	4,855	NAN	
59,26	0,2745	4,855	NAN	
59,28	0,291	4,86	NAN	
59,3	0,3045	4,855	NAN	
59,32	0,291	4,865	NAN	
59,34	0,261	4,86	NAN	
59,36	0,276	4,865	NAN	
59,38	0,3135	4,865	NAN	
59,4	0,2265	4,865	NAN	
59,42	0,2865	4,87	NAN	
59,44	0,2325	4,865	NAN	
59,46	0,183	4,87	NAN	
59,48	0,21	4,87	NAN	
59,5	0,2505	4,865	NAN	
59,52	0,2535	4,875	NAN	
59,54	0,2685	4,865	NAN	
59,56	0,2805	4,875	NAN	
59,58	0,2925	4,875	NAN	
59,6	0,228	4,88	NAN	
59,62	0,3	4,885	NAN	
59,64	0,3405	4,88	NAN	
59,66	0,279	4,885	NAN	
59,68	0,279	4,885	NAN	
59,7	0,3135	4,88	NAN	
59,72	0,2925	4,885	NAN	
59,74	0,303	4,88	NAN	
59,76	0,297	4,885	NAN	
59,78	0,261	4,88	NAN	
59,8	0,2925	4,89	NAN	
59,82	0,249	4,885	NAN	
59,84	0,297	4,885	NAN	
59,86	0,3	4,89	NAN	
59,88	0,333	4,885	NAN	
59,9	0,3555	4,89	NAN	
59,92	0,282	4,895	NAN	
59,94	0,237	4,89	NAN	
59,96	0,231	4,9	NAN	
59,98	0,237	4,89	NAN	
60	0,3825	4,9	NAN	
60,02	0,285	4,895	NAN	
60,04	0,2145	4,9	NAN	
60,06	0,303	4,9	NAN	
60,08	0,318	4,895	NAN	
60,1	0,243	4,905	NAN	
60,12	0,2445	4,9	NAN	
60,14	0,3525	4,905	NAN	
60,16	0,213	4,905	NAN	
60,18	0,2625	4,905	NAN	
60,2	0,207	4,91	NAN	
60,22	0,2595	4,9	NAN	
60,24	0,285	4,91	NAN	
60,26	0,3315	4,905	NAN	
60,28	0,2625	4,905	NAN	
60,3	0,2895	4,915	NAN	
60,32	0,3495	4,905	NAN	
60,34	0,3045	4,915	NAN	
60,36	0,3	4,91	NAN	
60,38	0,249	4,915	NAN	
60,4	0,2895	4,915	NAN	
60,42	0,2775	4,91	NAN	
60,44	0,318	4,915	NAN	
60,46	0,2445	4,92	NAN	
60,48	0,2895	4,915	NAN	
60,5	0,243	4,92	NAN	
60,52	0,2745	4,915	NAN	
60,54	0,282	4,92	NAN	
60,56	0,3135	4,91	NAN	
60,58	0,321	4,92	NAN	
60,6	0,345	4,925	NAN	
60,62	0,291	4,92	NAN	
60,64	0,228	4,925	NAN	
60,66	0,2385	4,92	NAN	
60,68	0,189	4,925	NAN	
60,7	0,315	4,92	NAN	
60,72	0,282	4,92	NAN	
60,74	0,276	4,93	NAN	
60,76	0,231	4,92	NAN	
60,78	0,2715	4,93	NAN	
60,8	0,2655	4,93	NAN	
60,82	0,2565	4,925	NAN	
60,84	0,261	4,93	NAN	
60,86	0,3195	4,93	NAN	
60,88	0,2895	4,935	NAN	
60,9	0,3405	4,93	NAN	
60,92	0,315	4,93	NAN	
60,94	0,291	4,93	NAN	
60,96	0,2955	4,93	NAN	
60,98	0,2565	4,935	NAN	
61	0,255	4,93	NAN	
61,02	0,2865	4,935	NAN	
61,04	0,3165	4,935	NAN	
61,06	0,2745	4,94	NAN	
61,08	0,285	4,935	NAN	
61,1	0,294	4,93	NAN	
61,12	0,204	4,94	NAN	
61,14	0,318	4,935	NAN	
61,16	0,2385	4,935	NAN	
61,18	0,2685	4,94	NAN	
61,2	0,3075	4,935	NAN	
61,22	0,324	4,945	NAN	
61,24	0,246	4,94	NAN	
61,26	0,228	4,94	NAN	
61,28	0,318	4,945	NAN	
61,3	0,285	4,945	NAN	
61,32	0,288	4,95	NAN	
61,34	0,219	4,95	NAN	
61,36	0,2835	4,945	NAN	
61,38	0,3495	4,955	NAN	
61,4	0,2685	4,945	NAN	
61,42	0,3465	4,95	NAN	
61,44	0,312	4,945	NAN	
61,46	0,27	4,95	NAN	
61,48	0,2175	4,955	NAN	
61,5	0,198	4,95	NAN	
61,52	0,243	4,955	NAN	
61,54	0,2505	4,95	NAN	
61,56	0,2415	4,955	NAN	
61,58	0,3195	4,96	NAN	
61,6	0,27	4,955	NAN	
61,62	0,2025	4,96	NAN	
61,64	0,282	4,955	NAN	
61,66	0,288	4,965	NAN	
61,68	0,363	4,96	NAN	
61,7	0,2565	4,96	NAN	
61,72	0,2115	4,97	NAN	
61,74	0,285	4,96	NAN	
61,76	0,27	4,965	NAN	
61,78	0,294	4,965	NAN	
61,8	0,2715	4,965	NAN	
61,82	0,273	4,97	NAN	
61,84	0,3135	4,965	NAN	
61,86	0,279	4,97	NAN	
61,88	0,318	4,97	NAN	
61,9	0,279	4,97	NAN	
61,92	0,2535	4,975	NAN	
61,94	0,237	4,97	NAN	
61,96	0,3015	4,98	NAN	
61,98	0,2955	4,97	NAN	
62	0,2745	4,98	NAN	
62,02	0,2505	4,975	NAN	
62,04	0,2805	4,98	NAN	
62,06	0,2355	4,98	NAN	
62,08	0,3015	4,975	NAN	
62,1	0,258	4,985	NAN	
62,12	0,2565	4,985	NAN	
62,14	0,321	4,985	NAN	
62,16	0,303	4,99	NAN	
62,18	0,258	4,98	NAN	
62,2	0,2565	4,995	NAN	
62,22	0,2745	4,985	NAN	
62,24	0,2385	4,99	NAN	
62,26	0,3195	4,985	NAN	
62,28	0,264	4,99	NAN	
62,3	0,3345	4,99	NAN	
62,32	0,309	4,99	NAN	
62,34	0,2685	4,99	NAN	
62,36	0,3255	4,99	NAN	
62,38	0,3045	4,995	NAN	
62,4	0,2265	4,995	NAN	
62,42	0,291	4,995	NAN	
62,44	0,246	5	NAN	
62,46	0,2685	4,995	NAN	
62,48	0,2865	5	NAN	
62,5	0,3435	5,005	NAN	
62,52	0,2835	5	NAN	
62,54	0,327	5	NAN	
62,56	0,1935	5	NAN	
62,58	0,273	5,005	NAN	
62,6	0,2805	5	NAN	
62,62	0,2775	5,005	NAN	
62,64	0,273	5,005	NAN	
62,66	0,3195	5	NAN	
62,68	0,321	5,01	NAN	
62,7	0,315	5,01	NAN	
62,72	0,3375	5,015	NAN	
62,74	0,315	5,015	NAN	
62,76	0,261	5,01	NAN	
62,78	0,276	5,01	NAN	
62,8	0,27	5,005	NAN	
62,82	0,2805	5,015	NAN	
62,84	0,2805	5,015	NAN	
62,86	0,3045	5,015	NAN	
62,88	0,3375	5,02	NAN	
62,9	0,2505	5,015	NAN	
62,92	0,3015	5,02	NAN	
62,94	0,2355	5,02	NAN	
62,96	0,2145	5,025	NAN	
62,98	0,2865	5,025	NAN	
63	0,2565	5,02	NAN	
63,02	0,309	5,025	NAN	
63,04	0,321	5,02	NAN	
63,06	0,3165	5,025	NAN	
63,08	0,27	5,025	NAN	
63,1	0,2835	5,02	NAN	
63,12	0,2895	5,025	NAN	
63,14	0,2265	5,02	NAN	
63,16	0,291	5,025	NAN	
63,18	0,303	5,025	NAN	
63,2	0,2925	5,025	NAN	
63,22	0,288	5,03	NAN	
63,24	0,2715	5,025	NAN	
63,26	0,333	5,03	NAN	
63,28	0,2775	5,02	NAN	
63,3	0,279	5,03	NAN	
63,32	0,2595	5,03	NAN	
63,34	0,249	5,03	NAN	
63,36	0,309	5,04	NAN	
63,38	0,288	5,03	NAN	
63,4	0,258	5,035	NAN	
63,42	0,309	5,025	NAN	
63,44	0,2595	5,03	NAN	
63,46	0,249	5,035	NAN	
63,48	0,324	5,03	NAN	
63,5	0,2895	5,04	NAN	
63,52	0,3495	5,03	NAN	
63,54	0,2655	5,035	NAN	
63,56	0,3525	5,035	NAN	
63,58	0,321	5,035	NAN	
63,6	0,2895	5,04	NAN	
63,62	0,315	5,035	NAN	
63,64	0,342	5,04	NAN	
63,66	0,264	5,035	NAN	
63,68	0,309	5,045	NAN	
63,7	0,288	5,04	NAN	
63,72	0,261	5,045	NAN	
63,74	0,261	5,05	NAN	
63,76	0,276	5,04	NAN	
63,78	0,249	5,05	NAN	
63,8	0,282	5,045	NAN	
63,82	0,2745	5,045	NAN	
63,84	0,2925	5,055	NAN	
63,86	0,2715	5,045	NAN	
63,88	0,2895	5,05	NAN	
63,9	0,3375	5,045	NAN	
63,92	0,2955	5,05	NAN	
63,94	0,312	5,05	NAN	
63,96	0,333	5,05	NAN	
63,98	0,27	5,05	NAN	
64	0,3315	5,045	NAN	
64,02	0,2745	5,055	NAN	
64,04	0,3735	5,05	NAN	
64,06	0,2685	5,05	NAN	
64,08	0,3345	5,055	NAN	
64,1	0,3345	5,05	NAN	
64,12	0,285	5,06	NAN	
64,14	0,231	5,045	NAN	
64,16	0,2295	5,06	NAN	
64,18	0,3435	5,055	NAN	
64,2	0,27	5,06	NAN	
64,22	0,285	5,06	NAN	
64,24	0,2565	5,055	NAN	
64,26	0,24	5,06	NAN	
64,28	0,309	5,06	NAN	
64,3	0,291	5,06	NAN	
64,32	0,2595	5,065	NAN	
64,34	0,2955	5,06	NAN	
64,36	0,279	5,07	NAN	
64,38	0,2895	5,055	NAN	
64,4	0,2835	5,065	NAN	
64,42	0,264	5,06	NAN	
64,44	0,351	5,07	NAN	
64,46	0,2985	5,065	NAN	
64,48	0,3645	5,06	NAN	
64,5	0,2985	5,065	NAN	
64,52	0,291	5,06	NAN	
64,54	0,2325	5,065	NAN	
64,56	0,2955	5,07	NAN	
64,58	0,279	5,065	NAN	
64,6	0,2085	5,07	NAN	
64,62	0,264	5,065	NAN	
64,64	0,291	5,07	NAN	
64,66	0,2385	5,065	NAN	
64,68	0,309	5,07	NAN	
64,7	0,2715	5,075	NAN	
64,72	0,294	5,07	NAN	
64,74	0,261	5,07	NAN	
64,76	0,2565	5,07	NAN	
64,78	0,252	5,07	NAN	
64,8	0,2475	5,075	NAN	
64,82	0,2925	5,075	NAN	
64,84	0,3015	5,08	NAN	
64,86	0,3585	5,07	NAN	
64,88	0,2865	5,075	NAN	
64,9	0,234	5,07	NAN	
64,92	0,2445	5,075	NAN	
64,94	0,3225	5,08	NAN	
64,96	0,3285	5,07	NAN	
64,98	0,2655	5,08	NAN	
65	0,351	5,07	NAN	
65,02	0,2835	5,075	NAN	
65,04	0,2565	5,07	NAN	
65,06	0,318	5,075	NAN	
65,08	0,2535	5,085	NAN	
65,1	0,2265	5,075	NAN	
65,12	0,2745	5,08	NAN	
65,14	0,2385	5,075	NAN	
65,16	0,354	5,08	NAN	
65,18	0,2655	5,08	NAN	
65,2	0,2475	5,08	NAN	
65,22	0,2205	5,08	NAN	
65,24	0,3195	5,075	NAN	
65,26	0,2625	5,08	NAN	
65,28	0,399	5,075	NAN	
65,3	0,3195	5,08	NAN	
65,32	0,3105	5,085	NAN	
65,34	0,306	5,075	NAN	
65,36	0,285	5,08	NAN	
65,38	0,366	5,07	NAN	
65,4	0,249	5,08	NAN	
65,42	0,309	5,08	NAN	
65,44	0,2985	5,08	NAN	
65,46	0,2925	5,085	NAN	
65,48	0,2745	5,075	NAN	
65,5	0,246	5,08	NAN	
65,52	0,24	5,075	NAN	
65,54	0,279	5,085	NAN	
65,56	0,306	5,08	NAN	
65,58	0,306	5,085	NAN	
65,6	0,345	5,08	NAN	
65,62	0,285	5,085	NAN	
65,64	0,2685	5,08	NAN	
65,66	0,3195	5,09	NAN	
65,68	0,3045	5,08	NAN	
65,7	0,294	5,09	NAN	
65,72	0,2925	5,08	NAN	
65,74	0,276	5,085	NAN	
65,76	0,2745	5,08	NAN	
65,78	0,2745	5,08	NAN	
65,8	0,312	5,085	NAN	
65,82	0,291	5,075	NAN	
65,84	0,3075	5,085	NAN	
65,86	0,2655	5,08	NAN	
65,88	0,2235	5,085	NAN	
65,9	0,306	5,085	NAN	
65,92	0,246	5,08	NAN	
65,94	0,2355	5,09	NAN	
65,96	0,306	5,085	NAN	
65,98	0,294	5,09	NAN	
66	0,2925	5,09	NAN	
66,02	0,2715	5,085	NAN	
66,04	0,3015	5,09	NAN	
66,06	0,276	5,08	NAN	
66,08	0,3075	5,085	NAN	
66,1	0,348	5,085	NAN	
66,12	0,3195	5,085	NAN	
66,14	0,3045	5,09	NAN	
66,16	0,3195	5,085	NAN	
66,18	0,306	5,09	NAN	
66,2	0,3075	5,08	NAN	
66,22	0,3765	5,09	NAN	
66,24	0,315	5,085	NAN	
66,26	0,3195	5,085	NAN	
66,28	0,27	5,09	NAN	
66,3	0,2235	5,08	NAN	
66,32	0,2385	5,09	NAN	
66,34	0,2595	5,085	NAN	
66,36	0,2475	5,09	NAN	
66,38	0,327	5,09	NAN	
66,4	0,285	5,085	NAN	
66,42	0,2895	5,09	NAN	
66,44	0,2955	5,085	NAN	
66,46	0,3045	5,09	NAN	
66,48	0,2835	5,09	NAN	
66,5	0,303	5,09	NAN	
66,52	0,2835	5,09	NAN	
66,54	0,273	5,085	NAN	
66,56	0,2325	5,09	NAN	
66,58	0,2505	5,085	NAN	
66,6	0,318	5,09	NAN	
66,62	0,2745	5,09	NAN	
66,64	0,3315	5,08	NAN	
66,66	0,36	5,09	NAN	
66,68	0,288	5,08	NAN	
66,7	0,3435	5,09	NAN	
66,72	0,3015	5,085	NAN	
66,74	0,324	5,085	NAN	
66,76	0,2775	5,09	NAN	
66,78	0,3165	5,085	NAN	
66,8	0,2865	5,09	NAN	
66,82	0,279	5,085	NAN	
66,84	0,294	5,085	NAN	
66,86	0,342	5,09	NAN	
66,88	0,2805	5,085	NAN	
66,9	0,312	5,09	NAN	
66,92	0,285	5,08	NAN	
66,94	0,3675	5,09	NAN	
66,96	0,2445	5,085	NAN	
66,98	0,2985	5,085	NAN	
67	0,2865	5,085	NAN	
67,02	0,2745	5,08	NAN	
67,04	0,285	5,09	NAN	
67,06	0,327	5,08	NAN	
67,08	0,2385	5,085	NAN	
67,1	0,282	5,08	NAN	
67,12	0,267	5,08	NAN	
67,14	0,2265	5,08	NAN	
67,16	0,2445	5,075	NAN	
67,18	0,3465	5,08	NAN	
67,2	0,3435	5,08	NAN	
67,22	0,2685	5,07	NAN	
67,24	0,2955	5,08	NAN	
67,26	0,24	5,075	NAN	
67,28	0,3375	5,08	NAN	
67,3	0,3555	5,075	NAN	
67,32	0,246	5,075	NAN	
67,34	0,318	5,075	NAN	
67,36	0,2715	5,075	NAN	
67,38	0,3075	5,08	NAN	
67,4	0,294	5,07	NAN	
67,42	0,2625	5,075	NAN	
67,44	0,318	5,07	NAN	
67,46	0,303	5,08	NAN	
67,48	0,2745	5,075	NAN	
67,5	0,234	5,065	NAN	
67,52	0,336	5,075	NAN	
67,54	0,2865	5,07	NAN	
67,56	0,2775	5,075	NAN	
67,58	0,315	5,07	NAN	
67,6	0,3405	5,075	NAN	
67,62	0,2475	5,08	NAN	
67,64	0,258	5,065	NAN	
67,66	0,2655	5,07	NAN	
67,68	0,3015	5,07	NAN	
67,7	0,2715	5,07	NAN	
67,72	0,2685	5,07	NAN	
67,74	0,2985	5,07	NAN	
67,76	0,234	5,07	NAN	
67,78	0,327	5,065	NAN	
67,8	0,2865	5,07	NAN	
67,82	0,354	5,07	NAN	
67,84	0,1905	5,065	NAN	
67,86	0,276	5,07	NAN	
67,88	0,2505	5,065	NAN	
67,9	0,294	5,07	NAN	
67,92	0,285	5,065	NAN	
67,94	0,333	5,065	NAN	
67,96	0,2715	5,07	NAN	
67,98	0,2385	5,065	NAN	
68	0,2715	5,065	NAN	
68,02	0,303	5,07	NAN	
68,04	0,2565	5,065	NAN	
68,06	0,276	5,065	NAN	
68,08	0,2475	5,06	NAN	
68,1	0,327	5,065	NAN	
68,12	0,2325	5,065	NAN	
68,14	0,3105	5,065	NAN	
68,16	0,3075	5,065	NAN	
68,18	0,2835	5,065	NAN	
68,2	0,3285	5,065	NAN	
68,22	0,306	5,06	NAN	
68,24	0,2385	5,06	NAN	
68,26	0,2805	5,06	NAN	
68,28	0,3105	5,06	NAN	
68,3	0,276	5,065	NAN	
