MIN=0	-3	-10	0	
MAX=160	3	10	25	
SCALE=50	1	5	10	
DEC=2	3	2	3	
DEF="Zeit" t / s	"Spannung" U_A1 / V	"Spannung" U_B1 / V	"Frequenz" f / Hz	
0	0,0675	0,48	NAN	
0,02	0,291	0,47	NAN	
0,04	0,3255	0,47	NAN	
0,06	0,066	0,475	NAN	
0,08	0,24	0,47	NAN	
0,1	0,081	0,475	NAN	
0,12	0,042	0,47	NAN	
0,14	0,2325	0,475	NAN	
0,16	0,0765	0,465	NAN	
0,18	0,2445	0,475	NAN	
0,2	0,2835	0,47	NAN	
0,22	-0,084	0,475	NAN	
0,24	0,234	0,465	NAN	
0,26	-0,1215	0,475	NAN	
0,28	0,123	0,47	NAN	
0,3	0,201	0,475	NAN	
0,32	0,0735	0,465	NAN	
0,34	0,117	0,475	NAN	
0,36	0,168	0,465	NAN	
0,38	0,009	0,475	NAN	
0,4	0,0345	0,47	NAN	
0,42	0,156	0,47	NAN	
0,44	-0,0615	0,475	NAN	
0,46	0,177	0,47	NAN	
0,48	0,1095	0,47	NAN	
0,5	0,1725	0,475	NAN	
0,52	0,1905	0,475	NAN	
0,54	0,1335	0,47	NAN	
0,56	0,0825	0,475	NAN	
0,58	0,039	0,47	NAN	
0,6	0,309	0,475	NAN	
0,62	0,0945	0,47	NAN	
0,64	0,1215	0,475	NAN	
0,66	0,0405	0,47	NAN	
0,68	0,129	0,48	NAN	
0,7	0,189	0,465	NAN	
0,72	0,2745	0,475	NAN	
0,74	0,135	0,47	NAN	
0,76	0,1755	0,47	NAN	
0,78	0,309	0,47	NAN	
0,8	0,1875	0,47	NAN	
0,82	0,3465	0,475	NAN	
0,84	0,189	0,47	NAN	
0,86	0,1845	0,475	NAN	
0,88	-0,3345	0,47	NAN	
0,9	-0,2655	0,475	NAN	
0,92	-0,3495	0,47	NAN	
0,94	-0,1485	0,48	NAN	
0,96	0,294	0,47	NAN	
0,98	0,171	0,475	NAN	
1	0,1815	0,47	NAN	
1,02	0,351	0,475	NAN	
1,04	0,294	0,465	NAN	
1,06	0,3855	0,48	NAN	
1,08	0,4365	0,465	NAN	
1,1	0,3735	0,475	NAN	
1,12	0,315	0,465	NAN	
1,14	0,147	0,475	NAN	
1,16	0,1395	0,47	NAN	
1,18	0,216	0,47	NAN	
1,2	0,072	0,47	NAN	
1,22	0,024	0,47	NAN	
1,24	0,0555	0,475	NAN	
1,26	0,0465	0,475	NAN	
1,28	0,021	0,475	NAN	
1,3	0,2085	0,475	NAN	
1,32	0,1935	0,475	NAN	
1,34	0,1185	0,47	NAN	
1,36	0,084	0,475	NAN	
1,38	0,171	0,47	NAN	
1,4	0,09	0,475	NAN	
1,42	0,09	0,48	NAN	
1,44	0,2175	0,475	NAN	
1,46	0,2295	0,47	NAN	
1,48	0,351	0,47	NAN	
1,5	0,204	0,47	NAN	
1,52	0,024	0,47	NAN	
1,54	-0,036	0,47	NAN	
1,56	0,081	0,475	NAN	
1,58	0,2535	0,465	NAN	
1,6	0,1155	0,47	NAN	
1,62	0,144	0,47	NAN	
1,64	0,2055	0,47	NAN	
1,66	0,324	0,47	NAN	
1,68	0,2085	0,47	NAN	
1,7	0,264	0,47	NAN	
1,72	0,033	0,47	NAN	
1,74	0,183	0,47	NAN	
1,76	0,21	0,47	NAN	
1,78	0,1275	0,475	NAN	
1,8	0,129	0,47	NAN	
1,82	0,0885	0,475	NAN	
1,84	0,111	0,47	NAN	
1,86	0,1305	0,475	NAN	
1,88	0,228	0,465	NAN	
1,9	0,2595	0,47	NAN	
1,92	0,0375	0,465	NAN	
1,94	0,1515	0,47	NAN	
1,96	0,261	0,47	NAN	
1,98	0,249	0,475	NAN	
2	0,2385	0,47	NAN	
2,02	0,0735	0,47	NAN	
2,04	0,1695	0,465	NAN	
2,06	0,183	0,47	NAN	
2,08	0,1575	0,47	NAN	
2,1	0,2205	0,47	NAN	
2,12	0,312	0,47	NAN	
2,14	0,486	0,47	NAN	
2,16	0,327	0,47	NAN	
2,18	0,372	0,475	NAN	
2,2	0,57	0,475	NAN	
2,22	0,903	0,47	NAN	
2,24	1,086	0,475	NAN	
2,26	0,3975	0,47	NAN	
2,28	-0,012	0,475	NAN	
2,3	-0,198	0,465	NAN	
2,32	-0,246	0,47	NAN	
2,34	-0,4545	0,465	NAN	
2,36	-0,294	0,47	NAN	
2,38	-0,3135	0,47	NAN	
2,4	-0,222	0,475	NAN	
2,42	-0,2055	0,47	NAN	
2,44	-0,0345	0,475	NAN	
2,46	0,0765	0,47	NAN	
2,48	0,1215	0,47	NAN	
2,5	0,1335	0,47	NAN	
2,52	0,057	0,47	NAN	
2,54	0,141	0,475	NAN	
2,56	0,198	0,47	NAN	
2,58	-0,0165	0,47	NAN	
2,6	0,231	0,47	NAN	
2,62	0,207	0,475	NAN	
2,64	-0,093	0,47	NAN	
2,66	0,018	0,475	NAN	
2,68	-0,099	0,475	NAN	
2,7	0,1125	0,475	NAN	
2,72	0,0945	0,47	NAN	
2,74	0,1095	0,475	NAN	
2,76	-0,0255	0,465	NAN	
2,78	0,021	0,475	NAN	
2,8	-0,018	0,46	NAN	
2,82	-0,0825	0,475	NAN	
2,84	-0,03	0,47	NAN	
2,86	0,078	0,475	NAN	
2,88	0,0495	0,47	NAN	
2,9	0,2055	0,475	NAN	
2,92	0,06	0,47	NAN	
2,94	0,066	0,47	NAN	
2,96	0,0465	0,475	NAN	
2,98	0,135	0,475	NAN	
3	-0,006	0,47	NAN	
3,02	-0,0225	0,475	NAN	
3,04	0,1875	0,47	NAN	
3,06	0,1935	0,47	NAN	
3,08	0,2205	0,48	NAN	
3,1	0,285	0,47	NAN	
3,12	0,036	0,48	NAN	
3,14	0,207	0,47	NAN	
3,16	0,177	0,475	NAN	
3,18	0,096	0,47	NAN	
3,2	0,204	0,475	NAN	
3,22	0,009	0,47	NAN	
3,24	0,1185	0,475	NAN	
3,26	-0,081	0,47	NAN	
3,28	0,1935	0,48	NAN	
3,3	0,051	0,47	NAN	
3,32	0,039	0,48	NAN	
3,34	0,261	0,47	NAN	
3,36	0,186	0,48	NAN	
3,38	0,126	0,475	NAN	
3,4	0,1275	0,475	NAN	
3,42	0,177	0,475	NAN	
3,44	0,2175	0,475	NAN	
3,46	0,2565	0,475	NAN	
3,48	0,222	0,475	NAN	
3,5	-0,0135	0,48	NAN	
3,52	0,186	0,475	NAN	
3,54	0,045	0,48	NAN	
3,56	0,3285	0,475	NAN	
3,58	0,0765	0,48	NAN	
3,6	0,0795	0,47	NAN	
3,62	0	0,48	NAN	
3,64	0,2115	0,47	NAN	
3,66	0,0675	0,48	NAN	
3,68	0,2565	0,475	NAN	
3,7	0,063	0,48	NAN	
3,72	0,2025	0,47	NAN	
3,74	0,006	0,48	NAN	
3,76	0,24	0,475	NAN	
3,78	-0,027	0,48	NAN	
3,8	0,2055	0,47	NAN	
3,82	0,0675	0,48	NAN	
3,84	0,1215	0,475	NAN	
3,86	0,213	0,48	NAN	
3,88	0,261	0,475	NAN	
3,9	0,1455	0,48	NAN	
3,92	0,255	0,49	NAN	
3,94	0,0585	0,475	NAN	
3,96	0,276	0,48	NAN	
3,98	-0,072	0,475	NAN	
4	0,27	0,48	NAN	
4,02	0,009	0,475	NAN	
4,04	0,2505	0,48	NAN	
4,06	-0,006	0,475	NAN	
4,08	0,1545	0,48	NAN	
4,1	0,003	0,475	NAN	
4,12	0,033	0,48	NAN	
4,14	0,1305	0,475	NAN	
4,16	0,219	0,48	NAN	
4,18	0,384	0,48	NAN	
4,2	0,249	0,48	NAN	
4,22	0,234	0,475	NAN	
4,24	0,3015	0,48	NAN	
4,26	0,1035	0,48	NAN	
4,28	0,2205	0,48	NAN	
4,3	0,2055	0,48	NAN	
4,32	0,0825	0,48	NAN	
4,34	0,1995	0,48	NAN	
4,36	0,294	0,48	NAN	
4,38	0,0765	0,48	NAN	
4,4	0,1665	0,48	NAN	
4,42	0,207	0,485	NAN	
4,44	0,0555	0,475	NAN	
4,46	0,0465	0,485	NAN	
4,48	0,1935	0,475	NAN	
4,5	0,1845	0,485	NAN	
4,52	0,3825	0,47	NAN	
4,54	0,1695	0,48	NAN	
4,56	0,402	0,475	NAN	
4,58	0,063	0,48	NAN	
4,6	0,2265	0,475	NAN	
4,62	0,087	0,485	NAN	
4,64	0,216	0,475	NAN	
4,66	0,171	0,48	NAN	
4,68	0,1125	0,48	NAN	
4,7	0,1995	0,48	NAN	
4,72	0,3195	0,48	NAN	
4,74	-0,0435	0,475	NAN	
4,76	0,2655	0,485	NAN	
4,78	0,2655	0,485	NAN	
4,8	0,0765	0,485	NAN	
4,82	0,0105	0,48	NAN	
4,84	0,2325	0,485	NAN	
4,86	0,153	0,475	NAN	
4,88	0,078	0,485	NAN	
4,9	-0,0975	0,475	NAN	
4,92	0,18	0,485	NAN	
4,94	0,0585	0,48	NAN	
4,96	0,1425	0,485	NAN	
4,98	0,093	0,48	NAN	
5	0,2385	0,49	NAN	
5,02	0,1815	0,475	NAN	
5,04	0,0075	0,485	NAN	
5,06	0,1125	0,475	NAN	
5,08	0,117	0,485	NAN	
5,1	0,066	0,485	NAN	
5,12	0,258	0,48	NAN	
5,14	-0,063	0,48	NAN	
5,16	0,18	0,48	NAN	
5,18	0,129	0,485	NAN	
5,2	0,3825	0,48	NAN	
5,22	0,1455	0,485	NAN	
5,24	0,066	0,48	NAN	
5,26	0,141	0,49	NAN	
5,28	0,1725	0,475	NAN	
5,3	0,18	0,485	NAN	
5,32	0,2925	0,48	NAN	
5,34	0,168	0,49	NAN	
5,36	0,318	0,48	NAN	
5,38	0,1065	0,485	NAN	
5,4	0,2625	0,48	NAN	
5,42	0,0555	0,49	NAN	
5,44	0,2445	0,48	NAN	
5,46	0,195	0,485	NAN	
5,48	0,3585	0,475	NAN	
5,5	0,2475	0,49	NAN	
5,52	0,2115	0,48	NAN	
5,54	0,2055	0,485	NAN	
5,56	0,3225	0,48	NAN	
5,58	0,1545	0,48	NAN	
5,6	0,2925	0,485	NAN	
5,62	0,111	0,485	NAN	
5,64	0,1605	0,48	NAN	
5,66	0,0195	0,485	NAN	
5,68	0,1755	0,48	NAN	
5,7	0,204	0,485	NAN	
5,72	0,234	0,485	NAN	
5,74	0,171	0,475	NAN	
5,76	0,0405	0,485	NAN	
5,78	0,183	0,475	NAN	
5,8	0,24	0,485	NAN	
5,82	0,063	0,48	NAN	
5,84	0,276	0,485	NAN	
5,86	0,183	0,48	NAN	
5,88	0,0495	0,485	NAN	
5,9	0,057	0,48	NAN	
5,92	0,063	0,485	NAN	
5,94	0,036	0,475	NAN	
5,96	0,225	0,485	NAN	
5,98	0,1935	0,48	NAN	
6	0,3645	0,48	NAN	
6,02	0,5085	0,485	NAN	
6,04	0,1485	0,48	NAN	
6,06	0,099	0,485	NAN	
6,08	0,207	0,485	NAN	
6,1	0,0405	0,485	NAN	
6,12	0,0705	0,48	NAN	
6,14	0,2955	0,485	NAN	
6,16	0,1215	0,48	NAN	
6,18	0,129	0,485	NAN	
6,2	0,126	0,475	NAN	
6,22	0,111	0,485	NAN	
6,24	0,2415	0,475	NAN	
6,26	0,2235	0,485	NAN	
6,28	0,1725	0,475	NAN	
6,3	0,0555	0,48	NAN	
6,32	0,2145	0,48	NAN	
6,34	0,1215	0,48	NAN	
6,36	0,2445	0,48	NAN	
6,38	0,0765	0,48	NAN	
6,4	0,339	0,48	NAN	
6,42	0,267	0,48	NAN	
6,44	0,3315	0,48	NAN	
6,46	0,1605	0,48	NAN	
6,48	0,3135	0,485	NAN	
6,5	0,0315	0,475	NAN	
6,52	0,0855	0,485	NAN	
6,54	0,1755	0,475	NAN	
6,56	0,0945	0,48	NAN	
6,58	0,168	0,48	NAN	
6,6	-0,027	0,48	NAN	
6,62	0,1965	0,475	NAN	
6,64	0,114	0,48	NAN	
6,66	0,1815	0,475	NAN	
6,68	0,1095	0,485	NAN	
6,7	0,261	0,47	NAN	
6,72	0,1425	0,48	NAN	
6,74	0,363	0,475	NAN	
6,76	0,054	0,48	NAN	
6,78	0,198	0,48	NAN	
6,8	0,033	0,48	NAN	
6,82	0,1575	0,48	NAN	
6,84	0,2775	0,48	NAN	
6,86	0,141	0,48	NAN	
6,88	0,1245	0,475	NAN	
6,9	0,156	0,485	NAN	
6,92	0,1875	0,47	NAN	
6,94	0,0585	0,485	NAN	
6,96	0,342	0,475	NAN	
6,98	-0,0465	0,48	NAN	
7	0,126	0,47	NAN	
7,02	0,033	0,48	NAN	
7,04	0,1455	0,475	NAN	
7,06	0,1815	0,48	NAN	
7,08	0,141	0,475	NAN	
7,1	0,021	0,48	NAN	
7,12	0,258	0,475	NAN	
7,14	0,2505	0,48	NAN	
7,16	0,0345	0,475	NAN	
7,18	0,21	0,475	NAN	
7,2	0,315	0,475	NAN	
7,22	0,138	0,475	NAN	
7,24	0,1845	0,48	NAN	
7,26	0,1035	0,475	NAN	
7,28	0,198	0,48	NAN	
7,3	0,135	0,475	NAN	
7,32	0,324	0,485	NAN	
7,34	0,075	0,48	NAN	
7,36	0,0345	0,48	NAN	
7,38	0,1845	0,47	NAN	
7,4	0,009	0,48	NAN	
7,42	0,0915	0,475	NAN	
7,44	0,105	0,48	NAN	
7,46	-0,0585	0,47	NAN	
7,48	0,177	0,48	NAN	
7,5	0,0405	0,475	NAN	
7,52	0,1665	0,475	NAN	
7,54	0,1065	0,475	NAN	
7,56	0,174	0,475	NAN	
7,58	0,135	0,475	NAN	
7,6	0,1125	0,475	NAN	
7,62	-0,0435	0,475	NAN	
7,64	0,0435	0,48	NAN	
7,66	0,1425	0,48	NAN	
7,68	0,03	0,475	NAN	
7,7	0,0165	0,48	NAN	
7,72	0,1995	0,475	NAN	
7,74	0,0705	0,48	NAN	
7,76	0,153	0,475	NAN	
7,78	0,1335	0,48	NAN	
7,8	0,285	0,475	NAN	
7,82	-0,039	0,485	NAN	
7,84	0,1305	0,475	NAN	
7,86	0,1665	0,48	NAN	
7,88	0,0705	0,475	NAN	
7,9	0,0015	0,48	NAN	
7,92	0,018	0,475	NAN	
7,94	-0,0375	0,48	NAN	
7,96	0,153	0,47	NAN	
7,98	0,123	0,485	NAN	
8	0,1965	0,475	NAN	
8,02	0,1155	0,48	NAN	
8,04	0,042	0,48	NAN	
8,06	0,219	0,48	NAN	
8,08	0,0975	0,48	NAN	
8,1	-0,021	0,48	NAN	
8,12	0,1395	0,48	NAN	
8,14	-0,0645	0,475	NAN	
8,16	0,297	0,485	NAN	
8,18	0,087	0,475	NAN	
8,2	0,105	0,48	NAN	
8,22	0,1065	0,475	NAN	
8,24	0,2505	0,485	NAN	
8,26	0,069	0,475	NAN	
8,28	0,015	0,48	NAN	
8,3	0,087	0,475	NAN	
8,32	0,243	0,48	NAN	
8,34	0,285	0,475	NAN	
8,36	0,165	0,48	NAN	
8,38	0,0975	0,475	NAN	
8,4	0,285	0,48	NAN	
8,42	0,2805	0,475	NAN	
8,44	0,0345	0,48	NAN	
8,46	0,066	0,48	NAN	
8,48	0,2415	0,48	NAN	
8,5	0,3495	0,48	NAN	
8,52	0,087	0,48	NAN	
8,54	0,1485	0,485	NAN	
8,56	0,2415	0,48	NAN	
8,58	0,339	0,485	NAN	
8,6	0,135	0,475	NAN	
8,62	0,0885	0,485	NAN	
8,64	0,12	0,48	NAN	
8,66	0,207	0,48	NAN	
8,68	0,1905	0,48	NAN	
8,7	0,039	0,48	NAN	
8,72	0,1575	0,475	NAN	
8,74	0,1485	0,48	NAN	
8,76	0,1395	0,475	NAN	
8,78	0,069	0,485	NAN	
8,8	0,15	0,48	NAN	
8,82	0,1785	0,48	NAN	
8,84	0,3105	0,48	NAN	
8,86	0,21	0,48	NAN	
8,88	0,081	0,48	NAN	
8,9	0,174	0,48	NAN	
8,92	0,3285	0,48	NAN	
8,94	0,0795	0,48	NAN	
8,96	0,1665	0,485	NAN	
8,98	0,2325	0,48	NAN	
9	0,1425	0,48	NAN	
9,02	0,249	0,48	NAN	
9,04	0,1905	0,48	NAN	
9,06	0,03	0,48	NAN	
9,08	0,3285	0,485	NAN	
9,1	0,12	0,485	NAN	
9,12	0,3	0,485	NAN	
9,14	0,153	0,475	NAN	
9,16	0,3615	0,485	NAN	
9,18	0,048	0,475	NAN	
9,2	0,111	0,485	NAN	
9,22	0,198	0,475	NAN	
9,24	0,243	0,485	NAN	
9,26	0,0795	0,475	NAN	
9,28	0,2565	0,48	NAN	
9,3	0,1845	0,48	NAN	
9,32	0,1995	0,48	NAN	
9,34	0,171	0,485	NAN	
9,36	0,12	0,48	NAN	
9,38	0,1695	0,48	NAN	
9,4	0,222	0,48	NAN	
9,42	0,1755	0,485	NAN	
9,44	0,237	0,48	NAN	
9,46	0,291	0,485	NAN	
9,48	0,165	0,48	NAN	
9,5	-0,0345	0,49	NAN	
9,52	0,0405	0,48	NAN	
9,54	0,1725	0,49	NAN	
9,56	0,117	0,48	NAN	
9,58	0,24	0,485	NAN	
9,6	0,363	0,48	NAN	
9,62	0,066	0,485	NAN	
9,64	0,0765	0,48	NAN	
9,66	0,153	0,485	NAN	
9,68	0,357	0,48	NAN	
9,7	0,141	0,485	NAN	
9,72	0,204	0,48	NAN	
9,74	0,1965	0,485	NAN	
9,76	0,2025	0,485	NAN	
9,78	0,4065	0,48	NAN	
9,8	0,0945	0,485	NAN	
9,82	0,2145	0,48	NAN	
9,84	0,1695	0,485	NAN	
9,86	0,2535	0,48	NAN	
9,88	0,303	0,485	NAN	
9,9	0,258	0,485	NAN	
9,92	0,0645	0,485	NAN	
9,94	0,129	0,48	NAN	
9,96	0,072	0,485	NAN	
9,98	0,075	0,48	NAN	
10	0,0405	0,485	NAN	
10,02	0,2235	0,475	NAN	
10,04	-0,03	0,485	NAN	
10,06	0,27	0,475	NAN	
10,08	0,2115	0,485	NAN	
10,1	0,153	0,48	NAN	
10,12	0,0585	0,48	NAN	
10,14	0,3645	0,48	NAN	
10,16	0,1605	0,48	NAN	
10,18	0,2775	0,485	NAN	
10,2	0,2565	0,485	NAN	
10,22	0,177	0,485	NAN	
10,24	0,072	0,48	NAN	
10,26	0,2205	0,49	NAN	
10,28	0,4035	0,475	NAN	
10,3	0,243	0,485	NAN	
10,32	0,1845	0,48	NAN	
10,34	0,1875	0,48	NAN	
10,36	0,165	0,48	NAN	
10,38	0,3285	0,48	NAN	
10,4	0,261	0,48	NAN	
10,42	0,189	0,48	NAN	
10,44	0,123	0,475	NAN	
10,46	0,18	0,485	NAN	
10,48	0,255	0,48	NAN	
10,5	0,2475	0,485	NAN	
10,52	0,177	0,48	NAN	
10,54	0,1155	0,485	NAN	
10,56	0,0555	0,48	NAN	
10,58	0,309	0,48	NAN	
10,6	0,1755	0,48	NAN	
10,62	0,141	0,48	NAN	
10,64	0,288	0,48	NAN	
10,66	0,0675	0,48	NAN	
10,68	0,195	0,485	NAN	
10,7	0,336	0,475	NAN	
10,72	0,0705	0,485	NAN	
10,74	0,1275	0,48	NAN	
10,76	0,273	0,485	NAN	
10,78	0,141	0,48	NAN	
10,8	0,2565	0,485	NAN	
10,82	0,153	0,475	NAN	
10,84	0,159	0,48	NAN	
10,86	0,0525	0,475	NAN	
10,88	0,114	0,49	NAN	
10,9	0,0555	0,475	NAN	
10,92	0,1635	0,485	NAN	
10,94	0,2115	0,475	NAN	
10,96	0,228	0,48	NAN	
10,98	0,0765	0,48	NAN	
11	0,2565	0,475	NAN	
11,02	0,3	0,48	NAN	
11,04	0,183	0,475	NAN	
11,06	0,1425	0,48	NAN	
11,08	0,2895	0,475	NAN	
11,1	0,18	0,485	NAN	
11,12	0,123	0,475	NAN	
11,14	0,051	0,48	NAN	
11,16	0,1425	0,475	NAN	
11,18	0,294	0,48	NAN	
11,2	0,1365	0,475	NAN	
11,22	0,0255	0,485	NAN	
11,24	0,1935	0,475	NAN	
11,26	0,114	0,475	NAN	
11,28	0,153	0,47	NAN	
11,3	0,0375	0,48	NAN	
11,32	0,273	0,48	NAN	
11,34	0,1485	0,475	NAN	
11,36	0,294	0,475	NAN	
11,38	0,111	0,48	NAN	
11,4	0,1455	0,475	NAN	
11,42	0,1575	0,475	NAN	
11,44	0,0585	0,475	NAN	
11,46	0,0555	0,48	NAN	
11,48	0,291	0,48	NAN	
11,5	-0,051	0,47	NAN	
11,52	0,069	0,48	NAN	
11,54	0,207	0,48	NAN	
11,56	0,0045	0,48	NAN	
11,58	-0,0075	0,475	NAN	
11,6	0,2745	0,48	NAN	
11,62	-0,009	0,47	NAN	
11,64	0,174	0,48	NAN	
11,66	-0,0105	0,475	NAN	
11,68	0,096	0,475	NAN	
11,7	0,0855	0,47	NAN	
11,72	0,1035	0,475	NAN	
11,74	0,018	0,47	NAN	
11,76	0,1545	0,475	NAN	
11,78	0,2325	0,475	NAN	
11,8	0,1245	0,48	NAN	
11,82	0,111	0,475	NAN	
11,84	0,0855	0,475	NAN	
11,86	0,114	0,47	NAN	
11,88	0,114	0,475	NAN	
11,9	0,084	0,48	NAN	
11,92	0,0975	0,47	NAN	
11,94	0,1725	0,48	NAN	
11,96	0,186	0,47	NAN	
11,98	0,0315	0,48	NAN	
12	0,0795	0,475	NAN	
12,02	0,096	0,475	NAN	
12,04	-0,081	0,475	NAN	
12,06	0,18	0,475	NAN	
12,08	0,1545	0,47	NAN	
12,1	-0,129	0,475	NAN	
12,12	0,075	0,465	NAN	
12,14	0,174	0,475	NAN	
12,16	0,0945	0,47	NAN	
12,18	0,18	0,47	NAN	
12,2	0,186	0,475	NAN	
12,22	-0,045	0,475	NAN	
12,24	0,1815	0,475	NAN	
12,26	0,2325	0,47	NAN	
12,28	0,0705	0,47	NAN	
12,3	0,012	0,47	NAN	
12,32	0,042	0,47	NAN	
12,34	-0,0735	0,47	NAN	
12,36	-0,0645	0,48	NAN	
12,38	0,123	0,47	NAN	
12,4	-0,009	0,475	NAN	
12,42	0,207	0,47	NAN	
12,44	0,0795	0,475	NAN	
12,46	-0,039	0,465	NAN	
12,48	-0,0825	0,475	NAN	
12,5	0,021	0,47	NAN	
12,52	0,033	0,475	NAN	
12,54	0,0165	0,465	NAN	
12,56	0,2295	0,475	NAN	
12,58	0,0375	0,465	NAN	
12,6	0,0465	0,47	NAN	
12,62	0,1365	0,465	NAN	
12,64	0,036	0,47	NAN	
12,66	0,0555	0,47	NAN	
12,68	0,0495	0,47	NAN	
12,7	0,003	0,47	NAN	
12,72	0,015	0,47	NAN	
12,74	0,147	0,475	NAN	
12,76	0,084	0,47	NAN	
12,78	0,0765	0,47	NAN	
12,8	0,1155	0,47	NAN	
12,82	0,1365	0,47	NAN	
12,84	0,039	0,465	NAN	
12,86	-0,039	0,475	NAN	
12,88	0,0315	0,465	NAN	
12,9	0,0915	0,47	NAN	
12,92	-0,048	0,47	NAN	
12,94	-0,051	0,47	NAN	
12,96	-0,072	0,465	NAN	
12,98	-0,123	0,47	NAN	
13	0,1515	0,46	NAN	
13,02	-0,1845	0,47	NAN	
13,04	0,1365	0,465	NAN	
13,06	-0,0225	0,47	NAN	
13,08	0,024	0,465	NAN	
13,1	-0,1275	0,465	NAN	
13,12	-0,1455	0,465	NAN	
13,14	0,0975	0,47	NAN	
13,16	-0,027	0,475	NAN	
13,18	-0,0615	0,465	NAN	
13,2	0,012	0,465	NAN	
13,22	0,0495	0,465	NAN	
13,24	-0,048	0,47	NAN	
13,26	-0,0765	0,465	NAN	
13,28	-0,066	0,47	NAN	
13,3	-0,1185	0,465	NAN	
13,32	-0,024	0,465	NAN	
13,34	0,012	0,46	NAN	
13,36	0,108	0,47	NAN	
13,38	-0,0675	0,46	NAN	
13,4	0,0225	0,465	NAN	
13,42	0,0765	0,46	NAN	
13,44	0,207	0,47	NAN	
13,46	-0,138	0,46	NAN	
13,48	-0,1215	0,465	NAN	
13,5	-0,0645	0,46	NAN	
13,52	-0,1155	0,465	NAN	
13,54	0,0285	0,46	NAN	
13,56	0,09	0,465	NAN	
13,58	-0,111	0,465	NAN	
13,6	0,1005	0,46	NAN	
13,62	0,0705	0,465	NAN	
13,64	0,1395	0,455	NAN	
13,66	-0,081	0,46	NAN	
13,68	-0,0225	0,465	NAN	
13,7	0,0255	0,465	NAN	
13,72	0,006	0,46	NAN	
13,74	-0,285	0,47	NAN	
13,76	0,0375	0,455	NAN	
13,78	-0,087	0,465	NAN	
13,8	-0,177	0,46	NAN	
13,82	-0,0225	0,465	NAN	
13,84	0,039	0,455	NAN	
13,86	-0,036	0,465	NAN	
13,88	-0,0975	0,455	NAN	
13,9	0,0915	0,46	NAN	
13,92	-0,0405	0,46	NAN	
13,94	-0,06	0,465	NAN	
13,96	0,105	0,46	NAN	
13,98	-0,156	0,46	NAN	
14	-0,0915	0,46	NAN	
14,02	-0,2235	0,46	NAN	
14,04	0,039	0,46	NAN	
14,06	-0,291	0,455	NAN	
14,08	0,1005	0,47	NAN	
14,1	-0,0465	0,455	NAN	
14,12	-0,0285	0,465	NAN	
14,14	-0,0195	0,455	NAN	
14,16	-0,1095	0,46	NAN	
14,18	-0,1065	0,455	NAN	
14,2	-0,078	0,46	NAN	
14,22	-0,3195	0,455	NAN	
14,24	-0,1275	0,46	NAN	
14,26	-0,129	0,45	NAN	
14,28	-0,0105	0,46	NAN	
14,3	-0,3255	0,455	NAN	
14,32	-0,1095	0,46	NAN	
14,34	-0,009	0,46	NAN	
14,36	-0,1875	0,46	NAN	
14,38	-0,207	0,455	NAN	
14,4	-0,132	0,46	NAN	
14,42	0,0075	0,455	NAN	
14,44	0,1065	0,455	NAN	
14,46	-0,2055	0,46	NAN	
14,48	0,141	0,45	NAN	
14,5	0,036	0,46	NAN	
14,52	-0,06	0,455	NAN	
14,54	0,1785	0,46	NAN	
14,56	-0,177	0,45	NAN	
14,58	0,132	0,46	NAN	
14,6	-0,0825	0,455	NAN	
14,62	0,2265	0,465	NAN	
14,64	0,1515	0,455	NAN	
14,66	-0,006	0,455	NAN	
14,68	-0,2925	0,45	NAN	
14,7	0,0675	0,455	NAN	
14,72	0,0225	0,45	NAN	
14,74	-0,021	0,46	NAN	
14,76	0,255	0,45	NAN	
14,78	0,0855	0,455	NAN	
14,8	0,231	0,46	NAN	
14,82	-0,294	0,455	NAN	
14,84	0,0915	0,46	NAN	
14,86	0,159	0,455	NAN	
14,88	0,0225	0,46	NAN	
14,9	0,003	0,455	NAN	
14,92	0,0825	0,46	NAN	
14,94	0,108	0,45	NAN	
14,96	0,2775	0,455	NAN	
14,98	0,2835	0,445	NAN	
15	0	0,46	NAN	
15,02	0,1425	0,45	NAN	
15,04	0,0495	0,455	NAN	
15,06	0,1965	0,45	NAN	
15,08	0,1755	0,455	NAN	
15,1	0,534	0,45	NAN	
15,12	0,234	0,455	NAN	
15,14	0,345	0,45	NAN	
15,16	0,129	0,45	NAN	
15,18	0,312	0,45	NAN	
15,2	0,186	0,45	NAN	
15,22	0,2175	0,455	NAN	
15,24	0,3075	0,455	NAN	
15,26	0,255	0,45	NAN	
15,28	0,204	0,455	NAN	
15,3	0,1455	0,455	NAN	
15,32	0,1995	0,45	NAN	
15,34	0,192	0,46	NAN	
15,36	0,3135	0,45	NAN	
15,38	0,354	0,455	NAN	
15,4	0,306	0,45	NAN	
15,42	0,189	0,455	NAN	
15,44	0,342	0,45	NAN	
15,46	0,0945	0,455	NAN	
15,48	0,0525	0,45	NAN	
15,5	0,318	0,455	NAN	
15,52	0,4395	0,45	NAN	
15,54	0,3105	0,455	NAN	
15,56	0,2385	0,45	NAN	
15,58	0,642	0,45	NAN	
15,6	0,33	0,45	NAN	
15,62	0,27	0,46	NAN	
15,64	0,204	0,45	NAN	
15,66	0,4095	0,455	NAN	
15,68	0,3015	0,45	NAN	
15,7	0,3285	0,45	NAN	
15,72	0,2025	0,45	NAN	
15,74	0,6855	0,45	NAN	
15,76	0,45	0,455	NAN	
15,78	0,4245	0,45	NAN	
15,8	0,3105	0,455	NAN	
15,82	0,3675	0,45	NAN	
15,84	0,4245	0,455	NAN	
15,86	0,7035	0,45	NAN	
15,88	0,3525	0,455	NAN	
15,9	0,3285	0,45	NAN	
15,92	0,3585	0,455	NAN	
15,94	0,3735	0,45	NAN	
15,96	0,315	0,455	NAN	
15,98	0,375	0,45	NAN	
16	0,3525	0,455	NAN	
16,02	0,312	0,45	NAN	
16,04	0,348	0,455	NAN	
16,06	0,3375	0,45	NAN	
16,08	0,4425	0,455	NAN	
16,1	0,438	0,45	NAN	
16,12	0,4455	0,45	NAN	
16,14	0,336	0,455	NAN	
16,16	0,2355	0,445	NAN	
16,18	0,213	0,455	NAN	
16,2	0,324	0,45	NAN	
16,22	0,5025	0,455	NAN	
16,24	0,1905	0,45	NAN	
16,26	0,3945	0,455	NAN	
16,28	0,432	0,45	NAN	
16,3	0,5055	0,455	NAN	
16,32	0,369	0,45	NAN	
16,34	0,3285	0,45	NAN	
16,36	0,447	0,45	NAN	
16,38	0,273	0,455	NAN	
16,4	0,2895	0,445	NAN	
16,42	0,408	0,455	NAN	
16,44	0,324	0,445	NAN	
16,46	0,3915	0,455	NAN	
16,48	0,417	0,45	NAN	
16,5	0,4575	0,455	NAN	
16,52	0,615	0,45	NAN	
16,54	0,381	0,45	NAN	
16,56	0,513	0,45	NAN	
16,58	0,543	0,45	NAN	
16,6	0,4425	0,455	NAN	
16,62	0,4545	0,45	NAN	
16,64	0,432	0,455	NAN	
16,66	0,5085	0,455	NAN	
16,68	0,1815	0,455	NAN	
16,7	0,3015	0,455	NAN	
16,72	0,4815	0,455	NAN	
16,74	0,4965	0,45	NAN	
16,76	0,3645	0,455	NAN	
16,78	0,615	0,45	NAN	
16,8	0,5745	0,46	NAN	
16,82	0,4275	0,445	NAN	
16,84	0,4665	0,455	NAN	
16,86	0,318	0,45	NAN	
16,88	0,3975	0,455	NAN	
16,9	0,3015	0,445	NAN	
16,92	0,294	0,455	NAN	
16,94	0,4815	0,45	NAN	
16,96	0,5925	0,45	NAN	
16,98	0,4155	0,45	NAN	
17	0,4125	0,45	NAN	
17,02	0,4845	0,45	NAN	
17,04	0,498	0,455	NAN	
17,06	0,303	0,45	NAN	
17,08	0,4905	0,45	NAN	
17,1	0,684	0,45	NAN	
17,12	0,4695	0,455	NAN	
17,14	0,435	0,455	NAN	
17,16	0,4215	0,455	NAN	
17,18	0,4905	0,45	NAN	
17,2	0,4665	0,45	NAN	
17,22	0,39	0,46	NAN	
17,24	0,2685	0,45	NAN	
17,26	0,1905	0,455	NAN	
17,28	0,4305	0,455	NAN	
17,3	0,3495	0,455	NAN	
17,32	0,0345	0,445	NAN	
17,34	0,471	0,455	NAN	
17,36	0,567	0,45	NAN	
17,38	0,417	0,455	NAN	
17,4	0,4215	0,45	NAN	
17,42	0,201	0,455	NAN	
17,44	0,57	0,45	NAN	
17,46	0,492	0,455	NAN	
17,48	0,3465	0,45	NAN	
17,5	0,351	0,46	NAN	
17,52	0,36	0,45	NAN	
17,54	0,447	0,455	NAN	
17,56	0,612	0,455	NAN	
17,58	0,4305	0,455	NAN	
17,6	0,4395	0,455	NAN	
17,62	0,447	0,455	NAN	
17,64	0,3735	0,455	NAN	
17,66	0,2865	0,45	NAN	
17,68	0,4455	0,455	NAN	
17,7	0,3075	0,45	NAN	
17,72	0,0165	0,46	NAN	
17,74	0,468	0,455	NAN	
17,76	0,504	0,46	NAN	
17,78	0,3555	0,45	NAN	
17,8	0,333	0,455	NAN	
17,82	0,522	0,45	NAN	
17,84	0,4605	0,46	NAN	
17,86	0,3825	0,45	NAN	
17,88	0,4635	0,455	NAN	
17,9	0,672	0,45	NAN	
17,92	0,2475	0,46	NAN	
17,94	0,273	0,455	NAN	
17,96	0,5835	0,46	NAN	
17,98	0,603	0,455	NAN	
18	0,6555	0,455	NAN	
18,02	0,4305	0,455	NAN	
18,04	0,4935	0,455	NAN	
18,06	0,126	0,455	NAN	
18,08	0,363	0,455	NAN	
18,1	0,5175	0,46	NAN	
18,12	0,1575	0,46	NAN	
18,14	0,519	0,46	NAN	
18,16	0,4905	0,455	NAN	
18,18	0,4125	0,46	NAN	
18,2	0,423	0,455	NAN	
18,22	0,408	0,46	NAN	
18,24	0,2505	0,45	NAN	
18,26	0,39	0,46	NAN	
18,28	0,2895	0,45	NAN	
18,3	0,2715	0,46	NAN	
18,32	0,3315	0,45	NAN	
18,34	0,438	0,46	NAN	
18,36	0,4635	0,455	NAN	
18,38	0,4305	0,46	NAN	
18,4	0,4125	0,45	NAN	
18,42	0,4485	0,46	NAN	
18,44	0,4725	0,455	NAN	
18,46	0,2085	0,46	NAN	
18,48	0,381	0,46	NAN	
18,5	0,4695	0,46	NAN	
18,52	0,711	0,455	NAN	
18,54	0,378	0,46	NAN	
18,56	0,3345	0,46	NAN	
18,58	0,507	0,46	NAN	
18,6	0,3345	0,46	NAN	
18,62	0,567	0,46	NAN	
18,64	0,2865	0,465	NAN	
18,66	0,6045	0,46	NAN	
18,68	0,2475	0,465	NAN	
18,7	0,261	0,455	NAN	
18,72	0,369	0,46	NAN	
18,74	0,366	0,46	NAN	
18,76	0,267	0,46	NAN	
18,78	0,48	0,455	NAN	
18,8	0,4545	0,465	NAN	
18,82	0,513	0,46	NAN	
18,84	0,3705	0,465	NAN	
18,86	0,3225	0,46	NAN	
18,88	0,3255	0,465	NAN	
18,9	0,39	0,46	NAN	
18,92	0,474	0,465	NAN	
18,94	0,246	0,46	NAN	
18,96	0,345	0,465	NAN	
18,98	0,2205	0,46	NAN	
19	0,5055	0,46	NAN	
19,02	0,531	0,46	NAN	
19,04	0,417	0,465	NAN	
19,06	0,264	0,465	NAN	
19,08	0,279	0,465	NAN	
19,1	0,4305	0,465	NAN	
19,12	0,5235	0,465	NAN	
19,14	0,465	0,465	NAN	
19,16	0,4515	0,465	NAN	
19,18	0,4005	0,47	NAN	
19,2	0,5955	0,465	NAN	
19,22	0,504	0,47	NAN	
19,24	0,432	0,465	NAN	
19,26	0,51	0,47	NAN	
19,28	0,456	0,465	NAN	
19,3	0,543	0,47	NAN	
19,32	0,366	0,47	NAN	
19,34	0,5865	0,47	NAN	
19,36	0,1755	0,465	NAN	
19,38	0,54	0,47	NAN	
19,4	0,219	0,47	NAN	
19,42	0,3795	0,475	NAN	
19,44	0,384	0,465	NAN	
19,46	0,438	0,47	NAN	
19,48	0,6195	0,465	NAN	
19,5	0,5715	0,475	NAN	
19,52	0,3495	0,465	NAN	
19,54	0,4215	0,475	NAN	
19,56	0,231	0,47	NAN	
19,58	0,363	0,47	NAN	
19,6	0,4125	0,47	NAN	
19,62	0,432	0,475	NAN	
19,64	0,432	0,475	NAN	
19,66	0,4845	0,47	NAN	
19,68	0,4245	0,48	NAN	
19,7	0,444	0,48	NAN	
19,72	0,552	0,48	NAN	
19,74	0,459	0,475	NAN	
19,76	0,5295	0,48	NAN	
19,78	0,198	0,475	NAN	
19,8	0,2625	0,48	NAN	
19,82	0,4875	0,475	NAN	
19,84	0,663	0,485	NAN	
19,86	0,5805	0,475	NAN	
19,88	0,3825	0,48	NAN	
19,9	0,399	0,475	NAN	
19,92	0,2805	0,485	NAN	
19,94	0,5415	0,475	NAN	
19,96	0,1755	0,48	NAN	
19,98	0,4545	0,48	NAN	
20	0,3735	0,485	NAN	
20,02	0,3735	0,48	NAN	
20,04	0,4335	0,49	NAN	
20,06	0,504	0,48	NAN	
20,08	0,519	0,49	NAN	
20,1	0,4095	0,485	NAN	
20,12	0,294	0,49	NAN	
20,14	0,3675	0,485	NAN	
20,16	0,609	0,485	NAN	
20,18	0,4515	0,49	NAN	
20,2	0,36	0,49	NAN	
20,22	0,2775	0,49	NAN	
20,24	0,4365	0,485	NAN	
20,26	0,3735	0,495	NAN	
20,28	0,333	0,49	NAN	
20,3	0,447	0,49	NAN	
20,32	0,3225	0,49	NAN	
20,34	0,4425	0,5	NAN	
20,36	0,138	0,485	NAN	
20,38	0,4365	0,495	NAN	
20,4	0,3645	0,495	NAN	
20,42	0,444	0,5	NAN	
20,44	0,4515	0,49	NAN	
20,46	0,3075	0,5	NAN	
20,48	0,4455	0,49	NAN	
20,5	0,588	0,5	NAN	
20,52	0,4365	0,495	NAN	
20,54	0,3825	0,5	NAN	
20,56	0,363	0,5	NAN	
20,58	0,4365	0,5	NAN	
20,6	0,321	0,5	NAN	
20,62	0,381	0,5	NAN	
20,64	0,2145	0,5	NAN	
20,66	0,5445	0,5	NAN	
20,68	0,318	0,5	NAN	
20,7	0,4305	0,5	NAN	
20,72	0,4245	0,505	NAN	
20,74	0,3165	0,505	NAN	
20,76	0,4695	0,505	NAN	
20,78	0,3525	0,505	NAN	
20,8	0,4215	0,505	NAN	
20,82	0,345	0,505	NAN	
20,84	0,4455	0,51	NAN	
20,86	0,477	0,505	NAN	
20,88	0,39	0,515	NAN	
20,9	0,3615	0,51	NAN	
20,92	0,408	0,51	NAN	
20,94	0,537	0,51	NAN	
20,96	0,4755	0,52	NAN	
20,98	0,4065	0,51	NAN	
21	0,0885	0,52	NAN	
21,02	0,4485	0,515	NAN	
21,04	0,2805	0,52	NAN	
21,06	0,282	0,51	NAN	
21,08	0,327	0,525	NAN	
21,1	0,4155	0,51	NAN	
21,12	0,5655	0,525	NAN	
21,14	0,303	0,515	NAN	
21,16	0,4245	0,525	NAN	
21,18	0,3075	0,52	NAN	
21,2	0,2955	0,53	NAN	
21,22	0,3435	0,52	NAN	
21,24	0,4815	0,525	NAN	
21,26	0,1845	0,52	NAN	
21,28	0,342	0,53	NAN	
21,3	0,246	0,525	NAN	
21,32	0,495	0,53	NAN	
21,34	0,432	0,53	NAN	
21,36	0,564	0,53	NAN	
21,38	0,4095	0,535	NAN	
21,4	0,4245	0,53	NAN	
21,42	0,4455	0,54	NAN	
21,44	0,5205	0,53	NAN	
21,46	0,258	0,535	NAN	
21,48	0,273	0,535	NAN	
21,5	0,408	0,54	NAN	
21,52	0,468	0,535	NAN	
21,54	0,1905	0,545	NAN	
21,56	0,3885	0,54	NAN	
21,58	0,33	0,545	NAN	
21,6	0,3855	0,54	NAN	
21,62	0,285	0,55	NAN	
21,64	0,4395	0,535	NAN	
21,66	0,339	0,55	NAN	
21,68	0,423	0,535	NAN	
21,7	0,564	0,55	NAN	
21,72	0,5025	0,54	NAN	
21,74	0,3885	0,555	NAN	
21,76	0,5085	0,545	NAN	
21,78	0,441	0,555	NAN	
21,8	0,3	0,55	NAN	
21,82	0,3225	0,555	NAN	
21,84	0,492	0,55	NAN	
21,86	0,42	0,555	NAN	
21,88	0,3165	0,56	NAN	
21,9	0,3135	0,555	NAN	
21,92	0,501	0,555	NAN	
21,94	0,4455	0,55	NAN	
21,96	0,249	0,565	NAN	
21,98	0,414	0,56	NAN	
22	0,333	0,565	NAN	
22,02	0,3645	0,565	NAN	
22,04	0,3255	0,57	NAN	
22,06	0,405	0,56	NAN	
22,08	0,1545	0,57	NAN	
22,1	0,429	0,57	NAN	
22,12	0,429	0,575	NAN	
22,14	0,4335	0,56	NAN	
22,16	0,537	0,58	NAN	
22,18	0,4185	0,57	NAN	
22,2	0,423	0,585	NAN	
22,22	0,453	0,57	NAN	
22,24	0,276	0,585	NAN	
22,26	0,4515	0,58	NAN	
22,28	0,408	0,585	NAN	
22,3	0,4215	0,58	NAN	
22,32	0,54	0,59	NAN	
22,34	0,336	0,59	NAN	
22,36	0,3705	0,59	NAN	
22,38	0,372	0,59	NAN	
22,4	0,402	0,595	NAN	
22,42	0,408	0,59	NAN	
22,44	0,393	0,595	NAN	
22,46	0,318	0,595	NAN	
22,48	0,363	0,6	NAN	
22,5	0,5145	0,6	NAN	
22,52	0,2955	0,6	NAN	
22,54	0,2595	0,6	NAN	
22,56	0,4635	0,605	NAN	
22,58	0,519	0,605	NAN	
22,6	0,3315	0,6	NAN	
22,62	0,6015	0,615	NAN	
22,64	0,1905	0,61	NAN	
22,66	0,123	0,615	NAN	
22,68	0,522	0,61	NAN	
22,7	0,117	0,62	NAN	
22,72	0,2295	0,615	NAN	
22,74	0,1605	0,62	NAN	
22,76	0,3495	0,62	NAN	
22,78	0,2565	0,625	NAN	
22,8	0,366	0,62	NAN	
22,82	0,3915	0,64	NAN	
22,84	0,4365	0,62	NAN	
22,86	0,375	0,63	NAN	
22,88	0,3285	0,63	NAN	
22,9	0,4455	0,635	NAN	
22,92	0,4365	0,63	NAN	
22,94	0,5865	0,64	NAN	
22,96	0,4845	0,635	NAN	
22,98	0,534	0,645	NAN	
23	0,3675	0,64	NAN	
23,02	0,384	0,65	NAN	
23,04	0,579	0,645	NAN	
23,06	0,3615	0,65	NAN	
23,08	0,339	0,655	NAN	
23,1	0,339	0,655	NAN	
23,12	0,369	0,655	NAN	
23,14	0,213	0,66	NAN	
23,16	0,4575	0,66	NAN	
23,18	0,36	0,66	NAN	
23,2	0,432	0,665	NAN	
23,22	0,1815	0,66	NAN	
23,24	0,393	0,665	NAN	
23,26	0,4095	0,665	NAN	
23,28	0,516	0,675	NAN	
23,3	0,405	0,67	NAN	
23,32	0,3495	0,675	NAN	
23,34	0,3975	0,675	NAN	
23,36	0,369	0,68	NAN	
23,38	0,3675	0,67	NAN	
23,4	0,207	0,685	NAN	
23,42	0,243	0,685	NAN	
23,44	0,303	0,69	NAN	
23,46	0,294	0,685	NAN	
23,48	0,3375	0,695	NAN	
23,5	0,3705	0,69	NAN	
23,52	0,2745	0,695	NAN	
23,54	0,4365	0,695	NAN	
23,56	0,354	0,7	NAN	
23,58	0,369	0,7	NAN	
23,6	0,453	0,705	NAN	
23,62	0,3465	0,71	NAN	
23,64	0,4635	0,71	NAN	
23,66	0,432	0,71	NAN	
23,68	0,1815	0,715	NAN	
23,7	0,5025	0,715	NAN	
23,72	0,636	0,715	NAN	
23,74	0,4125	0,725	NAN	
23,76	0,4815	0,725	NAN	
23,78	0,3105	0,74	NAN	
23,8	0,5505	0,725	NAN	
23,82	0,459	0,735	NAN	
23,84	0,5295	0,73	NAN	
23,86	0,2505	0,74	NAN	
23,88	0,33	0,735	NAN	
23,9	0,381	0,75	NAN	
23,92	0,3465	0,74	NAN	
23,94	0,1605	0,75	NAN	
23,96	0,411	0,745	NAN	
23,98	0,36	0,75	NAN	
24	0,327	0,755	NAN	
24,02	0,3705	0,76	NAN	
24,04	0,3315	0,755	NAN	
24,06	0,423	0,765	NAN	
24,08	0,51	0,76	NAN	
24,1	0,345	0,77	NAN	
24,12	0,4095	0,77	NAN	
24,14	0,315	0,775	NAN	
24,16	0,4635	0,775	NAN	
24,18	0,264	0,78	NAN	
24,2	0,3105	0,785	NAN	
24,22	0,27	0,785	NAN	
24,24	0,429	0,79	NAN	
24,26	0,489	0,79	NAN	
24,28	0,432	0,79	NAN	
24,3	0,456	0,795	NAN	
24,32	0,144	0,805	NAN	
24,34	0,312	0,795	NAN	
24,36	0,3945	0,805	NAN	
24,38	0,2955	0,8	NAN	
24,4	0,489	0,815	NAN	
24,42	0,3825	0,805	NAN	
24,44	0,252	0,82	NAN	
24,46	0,378	0,82	NAN	
24,48	0,3825	0,825	NAN	
24,5	0,351	0,82	NAN	
24,52	0,1995	0,835	NAN	
24,54	0,39	0,825	NAN	
24,56	0,516	0,83	NAN	
24,58	0,471	0,83	NAN	
24,6	0,36	0,835	NAN	
24,62	0,5085	0,84	NAN	
24,64	0,243	0,845	NAN	
24,66	0,288	0,84	NAN	
24,68	0,432	0,85	NAN	
24,7	0,4425	0,85	NAN	
24,72	0,3765	0,855	NAN	
24,74	0,5355	0,86	NAN	
24,76	0,444	0,86	NAN	
24,78	0,3945	0,865	NAN	
24,8	0,3765	0,865	NAN	
24,82	0,2595	0,875	NAN	
24,84	0,1425	0,87	NAN	
24,86	0,276	0,88	NAN	
24,88	0,522	0,88	NAN	
24,9	0,27	0,885	NAN	
24,92	0,465	0,88	NAN	
24,94	0,324	0,89	NAN	
24,96	0,3525	0,89	NAN	
24,98	0,3525	0,9	NAN	
25	0,3285	0,895	NAN	
25,02	0,471	0,905	NAN	
25,04	0,471	0,9	NAN	
25,06	0,291	0,91	NAN	
25,08	0,2475	0,905	NAN	
25,1	0,39	0,915	NAN	
25,12	0,321	0,91	NAN	
25,14	0,354	0,92	NAN	
25,16	0,4965	0,92	NAN	
25,18	0,3825	0,93	NAN	
25,2	0,393	0,93	NAN	
25,22	0,3975	0,935	NAN	
25,24	0,2835	0,935	NAN	
25,26	0,4185	0,945	NAN	
25,28	0,417	0,945	NAN	
25,3	0,3675	0,945	NAN	
25,32	0,4785	0,955	NAN	
25,34	0,1605	0,95	NAN	
25,36	0,3285	0,96	NAN	
25,38	0,423	0,96	NAN	
25,4	0,4485	0,965	NAN	
25,42	0,513	0,96	NAN	
25,44	0,4905	0,97	NAN	
25,46	0,4635	0,97	NAN	
25,48	0,4485	0,975	NAN	
25,5	0,2385	0,975	NAN	
25,52	0,4545	0,985	NAN	
25,54	0,453	0,98	NAN	
25,56	0,4305	0,99	NAN	
25,58	0,6615	0,99	NAN	
25,6	0,3435	1	NAN	
25,62	0,3165	0,995	NAN	
25,64	0,432	1,005	NAN	
25,66	0,3135	1,005	NAN	
25,68	0,4305	1,01	NAN	
25,7	0,36	1,01	NAN	
25,72	0,2565	1,025	NAN	
25,74	0,5745	1,02	NAN	
25,76	0,381	1,025	NAN	
25,78	0,315	1,025	NAN	
25,8	0,4005	1,03	NAN	
25,82	0,285	1,035	NAN	
25,84	0,282	1,04	NAN	
25,86	0,3	1,04	NAN	
25,88	0,273	1,045	NAN	
25,9	0,27	1,06	NAN	
25,92	0,327	1,05	NAN	
25,94	0,4815	1,06	NAN	
25,96	0,2145	1,065	NAN	
25,98	0,414	1,07	NAN	
26	0,462	1,065	NAN	
26,02	0,297	1,08	NAN	
26,04	0,321	1,07	NAN	
26,06	0,4275	1,085	NAN	
26,08	0,2925	1,07	NAN	
26,1	0,306	1,09	NAN	
26,12	0,573	1,09	NAN	
26,14	0,36	1,1	NAN	
26,16	0,501	1,095	NAN	
26,18	0,4455	1,11	NAN	
26,2	0,4005	1,105	NAN	
26,22	0,2775	1,115	NAN	
26,24	0,3315	1,115	NAN	
26,26	0,501	1,125	NAN	
26,28	0,2355	1,12	NAN	
26,3	0,6075	1,13	NAN	
26,32	0,345	1,13	NAN	
26,34	0,6045	1,135	NAN	
26,36	0,291	1,135	NAN	
26,38	0,3675	1,145	NAN	
26,4	0,465	1,15	NAN	
26,42	0,3165	1,15	NAN	
26,44	0,504	1,155	NAN	
26,46	0,57	1,165	NAN	
26,48	0,2985	1,165	NAN	
26,5	0,4095	1,17	NAN	
26,52	0,3375	1,175	NAN	
26,54	0,312	1,18	NAN	
26,56	0,5445	1,185	NAN	
26,58	0,51	1,185	NAN	
26,6	0,147	1,19	NAN	
26,62	0,4005	1,19	NAN	
26,64	0,3435	1,205	NAN	
26,66	0,2655	1,2	NAN	
26,68	0,414	1,21	NAN	
26,7	0,2745	1,21	NAN	
26,72	0,4005	1,22	NAN	
26,74	0,4995	1,215	NAN	
26,76	0,291	1,23	NAN	
26,78	0,465	1,225	NAN	
26,8	0,3555	1,235	NAN	
26,82	0,348	1,23	NAN	
26,84	0,3	1,25	NAN	
26,86	0,471	1,24	NAN	
26,88	0,3015	1,255	NAN	
26,9	0,5295	1,255	NAN	
26,92	0,3255	1,26	NAN	
26,94	0,3435	1,265	NAN	
26,96	0,4275	1,27	NAN	
26,98	0,4125	1,28	NAN	
27	0,327	1,27	NAN	
27,02	0,3795	1,285	NAN	
27,04	0,357	1,29	NAN	
27,06	0,2835	1,295	NAN	
27,08	0,243	1,295	NAN	
27,1	0,27	1,31	NAN	
27,12	0,3885	1,3	NAN	
27,14	0,462	1,31	NAN	
27,16	0,3885	1,315	NAN	
27,18	0,4185	1,325	NAN	
27,2	0,4065	1,32	NAN	
27,22	0,312	1,33	NAN	
27,24	0,576	1,335	NAN	
27,26	0,5205	1,345	NAN	
27,28	0,288	1,34	NAN	
27,3	0,3645	1,35	NAN	
27,32	0,411	1,35	NAN	
27,34	0,3825	1,36	NAN	
27,36	0,4905	1,365	NAN	
27,38	0,348	1,37	NAN	
27,4	0,3375	1,37	NAN	
27,42	0,297	1,39	NAN	
27,44	0,339	1,385	NAN	
27,46	0,3795	1,39	NAN	
27,48	0,291	1,39	NAN	
27,5	0,2685	1,4	NAN	
27,52	0,384	1,4	NAN	
27,54	0,471	1,41	NAN	
27,56	0,423	1,41	NAN	
27,58	0,324	1,42	NAN	
27,6	0,3585	1,42	NAN	
27,62	0,309	1,43	NAN	
27,64	0,2505	1,43	NAN	
27,66	0,471	1,435	NAN	
27,68	0,453	1,445	NAN	
27,7	0,3945	1,445	NAN	
27,72	0,426	1,46	NAN	
27,74	0,471	1,46	NAN	
27,76	0,4155	1,47	NAN	
27,78	0,3915	1,47	NAN	
27,8	0,312	1,48	NAN	
27,82	0,303	1,475	NAN	
27,84	0,2985	1,49	NAN	
27,86	0,2745	1,485	NAN	
27,88	0,4185	1,5	NAN	
27,9	0,21	1,5	NAN	
27,92	0,5025	1,51	NAN	
27,94	0,225	1,51	NAN	
27,96	0,48	1,525	NAN	
27,98	0,363	1,515	NAN	
28	0,201	1,535	NAN	
28,02	0,4095	1,53	NAN	
28,04	0,369	1,545	NAN	
28,06	0,321	1,545	NAN	
28,08	0,342	1,555	NAN	
28,1	0,3135	1,56	NAN	
28,12	0,345	1,565	NAN	
28,14	0,4425	1,57	NAN	
28,16	0,2445	1,57	NAN	
28,18	0,333	1,585	NAN	
28,2	0,324	1,585	NAN	
28,22	0,435	1,595	NAN	
28,24	0,3135	1,6	NAN	
28,26	0,5655	1,605	NAN	
28,28	0,342	1,61	NAN	
28,3	0,3495	1,62	NAN	
28,32	0,21	1,62	NAN	
28,34	0,2295	1,63	NAN	
28,36	0,258	1,63	NAN	
28,38	0,303	1,64	NAN	
28,4	0,4875	1,64	NAN	
28,42	0,4395	1,65	NAN	
28,44	0,3105	1,65	NAN	
28,46	0,2025	1,67	NAN	
28,48	0,3585	1,66	NAN	
28,5	0,402	1,675	NAN	
28,52	0,441	1,675	NAN	
28,54	0,4635	1,69	NAN	
28,56	0,303	1,69	NAN	
28,58	0,231	1,7	NAN	
28,6	0,3255	1,7	NAN	
28,62	0,2895	1,71	NAN	
28,64	0,282	1,715	NAN	
28,66	0,3045	1,725	NAN	
28,68	0,066	1,73	NAN	
28,7	0,3915	1,735	NAN	
28,72	0,2865	1,74	NAN	
28,74	0,54	1,75	NAN	
28,76	0,3405	1,755	NAN	
28,78	0,3945	1,76	NAN	
28,8	0,351	1,765	NAN	
28,82	0,222	1,775	NAN	
28,84	0,2325	1,775	NAN	
28,86	0,3345	1,78	NAN	
28,88	0,3705	1,79	NAN	
28,9	0,4095	1,81	NAN	
28,92	0,189	1,805	NAN	
28,94	0,057	1,81	NAN	
28,96	0,357	1,82	NAN	
28,98	0,4815	1,825	NAN	
29	0,4545	1,83	NAN	
29,02	0,315	1,835	NAN	
29,04	0,429	1,845	NAN	
29,06	0,207	1,845	NAN	
29,08	0,399	1,86	NAN	
29,1	0,303	1,86	NAN	
29,12	0,3615	1,87	NAN	
29,14	0,234	1,87	NAN	
29,16	0,228	1,885	NAN	
29,18	0,3465	1,88	NAN	
29,2	0,3765	1,895	NAN	
29,22	0,432	1,895	NAN	
29,24	0,378	1,91	NAN	
29,26	0,453	1,91	NAN	
29,28	0,3465	1,92	NAN	
29,3	0,486	1,92	NAN	
29,32	0,234	1,93	NAN	
29,34	0,324	1,935	NAN	
29,36	0,2685	1,95	NAN	
29,38	0,2265	1,945	NAN	
29,4	0,3585	1,96	NAN	
29,42	0,402	1,965	NAN	
29,44	0,4035	1,97	NAN	
29,46	0,453	1,98	NAN	
29,48	0,3495	1,985	NAN	
29,5	0,3915	1,99	NAN	
29,52	0,1125	1,995	NAN	
29,54	0,3105	2,005	NAN	
29,56	0,264	2,01	NAN	
29,58	0,3645	2,02	NAN	
29,6	0,3015	2,025	NAN	
29,62	0,2625	2,03	NAN	
29,64	0,393	2,035	NAN	
29,66	0,402	2,045	NAN	
29,68	0,393	2,05	NAN	
29,7	0,411	2,06	NAN	
29,72	0,1335	2,06	NAN	
29,74	0,312	2,08	NAN	
29,76	0,363	2,075	NAN	
29,78	0,2685	2,09	NAN	
29,8	0,213	2,09	NAN	
29,82	0,2805	2,105	NAN	
29,84	0,3525	2,105	NAN	
29,86	0,2775	2,12	NAN	
29,88	0,288	2,115	NAN	
29,9	0,2205	2,135	NAN	
29,92	0,345	2,13	NAN	
29,94	0,4995	2,145	NAN	
29,96	0,2445	2,15	NAN	
29,98	0,339	2,155	NAN	
30	0,3105	2,16	NAN	
30,02	0,441	2,175	NAN	
30,04	0,366	2,175	NAN	
30,06	0,3435	2,185	NAN	
30,08	0,1935	2,185	NAN	
30,1	0,36	2,205	NAN	
30,12	0,249	2,205	NAN	
30,14	0,2325	2,215	NAN	
30,16	0,2655	2,215	NAN	
30,18	0,4065	2,23	NAN	
30,2	0,225	2,23	NAN	
30,22	0,189	2,24	NAN	
30,24	0,252	2,25	NAN	
30,26	0,315	2,25	NAN	
30,28	0,255	2,265	NAN	
30,3	0,138	2,27	NAN	
30,32	0,3915	2,28	NAN	
30,34	0,21	2,285	NAN	
30,36	0,123	2,29	NAN	
30,38	0,1905	2,3	NAN	
30,4	0,3435	2,31	NAN	
30,42	0,2055	2,31	NAN	
30,44	0,171	2,32	NAN	
30,46	-0,042	2,325	NAN	
30,48	0,2745	2,34	NAN	
30,5	0,2565	2,335	NAN	
30,52	0,384	2,355	NAN	
30,54	0,2355	2,35	NAN	
30,56	0,186	2,365	NAN	
30,58	0,243	2,365	NAN	
30,6	0,09	2,38	NAN	
30,62	0,249	2,38	NAN	
30,64	0,2715	2,395	NAN	
30,66	0,225	2,395	NAN	
30,68	0,198	2,41	NAN	
30,7	0,144	2,41	NAN	
30,72	0,336	2,425	NAN	
30,74	0,141	2,43	NAN	
30,76	0,2775	2,44	NAN	
30,78	0,375	2,445	NAN	
30,8	0,159	2,47	NAN	
30,82	0,285	2,455	NAN	
30,84	0,1395	2,475	NAN	
30,86	0,1875	2,47	NAN	
30,88	0,0855	2,485	NAN	
30,9	0,186	2,49	NAN	
30,92	0,1605	2,5	NAN	
30,94	0,4035	2,5	NAN	
30,96	0,0705	2,515	NAN	
30,98	0,1395	2,515	NAN	
31	0,099	2,535	NAN	
31,02	0,2535	2,535	NAN	
31,04	0,0615	2,545	NAN	
31,06	0,1665	2,55	NAN	
31,08	0,3465	2,555	NAN	
31,1	0,2835	2,57	NAN	
31,12	0,144	2,575	NAN	
31,14	0,1155	2,575	NAN	
31,16	0,3195	2,59	NAN	
31,18	0,273	2,595	NAN	
31,2	0,159	2,6	NAN	
31,22	0,1725	2,61	NAN	
31,24	0,009	2,62	NAN	
31,26	0,231	2,63	NAN	
31,28	0,2745	2,63	NAN	
31,3	0,123	2,635	NAN	
31,32	0,135	2,645	NAN	
31,34	0,1785	2,66	NAN	
31,36	0,0075	2,655	NAN	
31,38	0,282	2,67	NAN	
31,4	0,0915	2,675	NAN	
31,42	0,087	2,69	NAN	
31,44	0,2085	2,695	NAN	
31,46	0,045	2,71	NAN	
31,48	0,249	2,705	NAN	
31,5	0,1725	2,72	NAN	
31,52	0,1275	2,72	NAN	
31,54	0,2805	2,735	NAN	
31,56	0,0795	2,735	NAN	
31,58	0,117	2,75	NAN	
31,6	-0,102	2,75	NAN	
31,62	0,006	2,765	NAN	
31,64	0,189	2,765	NAN	
31,66	0,1365	2,78	NAN	
31,68	0,144	2,785	NAN	
31,7	-0,081	2,795	NAN	
31,72	0,1815	2,795	NAN	
31,74	0,0705	2,815	NAN	
31,76	0,075	2,83	NAN	
31,78	0,0675	2,825	NAN	
31,8	0,075	2,825	NAN	
31,82	0,1605	2,845	NAN	
31,84	0,045	2,845	NAN	
31,86	0,0075	2,86	NAN	
31,88	0,129	2,86	NAN	
31,9	-0,0225	2,87	NAN	
31,92	0,2085	2,88	NAN	
31,94	0,018	2,89	NAN	
31,96	0,0795	2,895	NAN	
31,98	-0,0225	2,905	NAN	
32	0,054	2,91	NAN	
32,02	-0,117	2,92	NAN	
32,04	0,0495	2,945	NAN	
32,06	-0,0255	2,935	NAN	
32,08	-0,0285	2,95	NAN	
32,1	0,042	2,95	NAN	
32,12	0,1665	2,965	NAN	
32,14	-0,099	2,965	NAN	
32,16	0,0555	2,975	NAN	
32,18	0	2,98	NAN	
32,2	-0,0555	2,985	NAN	
32,22	0,0015	2,995	NAN	
32,24	0,048	3,015	NAN	
32,26	0,0375	3,01	NAN	
32,28	-0,1485	3,02	NAN	
32,3	-0,102	3,025	NAN	
32,32	0,009	3,035	NAN	
32,34	-0,1455	3,04	NAN	
32,36	-0,03	3,05	NAN	
32,38	-0,1545	3,055	NAN	
32,4	-0,138	3,065	NAN	
32,42	-0,0885	3,065	NAN	
32,44	-0,225	3,085	NAN	
32,46	-0,174	3,085	NAN	
32,48	-0,033	3,1	NAN	
32,5	-0,0615	3,1	NAN	
32,52	-0,2205	3,115	NAN	
32,54	-0,2145	3,12	NAN	
32,56	-0,2085	3,13	NAN	
32,58	-0,042	3,13	NAN	
32,6	-0,2565	3,15	NAN	
32,62	-0,231	3,145	NAN	
32,64	-0,2775	3,16	NAN	
32,66	-0,3	3,16	NAN	
32,68	-0,2355	3,175	NAN	
32,7	-0,117	3,18	NAN	
32,72	-0,2625	3,19	NAN	
32,74	-0,225	3,195	NAN	
32,76	-0,186	3,205	NAN	
32,78	-0,1965	3,21	NAN	
32,8	-0,2205	3,225	NAN	
32,82	-0,2115	3,23	NAN	
32,84	-0,2325	3,235	NAN	
32,86	-0,3315	3,24	NAN	
32,88	-0,2685	3,255	NAN	
32,9	-0,4845	3,265	NAN	
32,92	-0,1485	3,27	NAN	
32,94	-0,2235	3,28	NAN	
32,96	-0,285	3,285	NAN	
32,98	-0,4035	3,295	NAN	
33	-0,3705	3,295	NAN	
33,02	-0,5115	3,31	NAN	
33,04	-0,3045	3,315	NAN	
33,06	-0,522	3,325	NAN	
33,08	-0,372	3,335	NAN	
33,1	-0,294	3,34	NAN	
33,12	-0,6645	3,345	NAN	
33,14	-0,3885	3,355	NAN	
33,16	-0,417	3,355	NAN	
33,18	-0,3	3,37	NAN	
33,2	-0,4605	3,375	NAN	
33,22	-0,45	3,385	NAN	
33,24	-0,555	3,39	NAN	
33,26	-0,5145	3,4	NAN	
33,28	-0,5835	3,4	NAN	
33,3	-0,567	3,42	NAN	
33,32	-0,7485	3,42	NAN	
33,34	-0,6075	3,43	NAN	
33,36	-0,816	3,435	NAN	
33,38	-0,771	3,445	NAN	
33,4	-0,534	3,45	NAN	
33,42	-0,687	3,465	NAN	
33,44	-0,8595	3,47	NAN	
33,46	-0,7395	3,48	NAN	
33,48	-0,8895	3,485	NAN	
33,5	-0,666	3,495	NAN	
33,52	-0,9015	3,5	NAN	
33,54	-0,756	3,51	NAN	
33,56	-0,9285	3,51	NAN	
33,58	-0,801	3,525	NAN	
33,6	-0,888	3,525	NAN	
33,62	-0,894	3,54	NAN	
33,64	-0,8055	3,54	NAN	
33,66	-0,9465	3,555	NAN	
33,68	-0,882	3,555	NAN	
33,7	-1,071	3,57	NAN	
33,72	-1,245	3,57	NAN	
33,74	-1,0755	3,585	NAN	
33,76	-1,0905	3,585	NAN	
33,78	-1,1355	3,595	NAN	
33,8	-1,2075	3,6	NAN	
33,82	-1,2585	3,615	NAN	
33,84	-1,347	3,61	NAN	
33,86	-1,0665	3,625	NAN	
33,88	-1,2045	3,63	NAN	
33,9	-1,344	3,64	NAN	
33,92	-1,4445	3,64	NAN	
33,94	-1,4205	3,65	NAN	
33,96	-1,326	3,655	NAN	
33,98	-1,3635	3,67	NAN	
34	-1,4085	3,675	NAN	
34,02	-1,5705	3,685	NAN	
34,04	-1,491	3,69	NAN	
34,06	-1,6335	3,7	NAN	
34,08	-1,4625	3,7	NAN	
34,1	-1,4085	3,71	NAN	
34,12	-1,5915	3,72	NAN	
34,14	-1,503	3,73	NAN	
34,16	-1,6185	3,73	NAN	
34,18	-1,728	3,74	NAN	
34,2	-1,563	3,745	NAN	
34,22	-1,4085	3,75	NAN	
34,24	-1,707	3,76	NAN	
34,26	-1,5105	3,765	NAN	
34,28	-1,5765	3,775	NAN	
34,3	-1,4085	3,775	NAN	
34,32	-1,4925	3,785	NAN	
34,34	-1,431	3,79	NAN	
34,36	-1,497	3,8	NAN	
34,38	-1,389	3,81	NAN	
34,4	-1,4655	3,815	NAN	
34,42	-1,335	3,82	NAN	
34,44	-1,266	3,83	NAN	
34,46	-1,365	3,83	NAN	
34,48	-1,263	3,845	NAN	
34,5	-1,482	3,84	NAN	
34,52	-1,3035	3,855	NAN	
34,54	-1,305	3,86	NAN	
34,56	-1,3005	3,87	NAN	
34,58	-1,335	3,87	NAN	
34,6	-1,2675	3,885	NAN	
34,62	-1,293	3,89	NAN	
34,64	-1,191	3,9	NAN	
34,66	-1,05	3,895	NAN	
34,68	-1,2435	3,915	NAN	
34,7	-1,131	3,91	NAN	
34,72	-1,2705	3,93	NAN	
34,74	-0,891	3,93	NAN	
34,76	-0,9675	3,94	NAN	
34,78	-0,9765	3,94	NAN	
34,8	-0,855	3,955	NAN	
34,82	-1,038	3,95	NAN	
34,84	-0,897	3,97	NAN	
34,86	-0,8925	3,965	NAN	
34,88	-0,9975	3,98	NAN	
34,9	-0,9135	3,98	NAN	
34,92	-0,66	3,995	NAN	
34,94	-0,6885	3,995	NAN	
34,96	-0,699	4,01	NAN	
34,98	-0,6765	4,01	NAN	
35	-0,6225	4,015	NAN	
35,02	-0,645	4,025	NAN	
35,04	-0,915	4,04	NAN	
35,06	-0,651	4,035	NAN	
35,08	-0,6315	4,045	NAN	
35,1	-0,795	4,05	NAN	
35,12	-0,4365	4,06	NAN	
35,14	-0,621	4,06	NAN	
35,16	-0,6255	4,07	NAN	
35,18	-0,6945	4,075	NAN	
35,2	-0,7185	4,085	NAN	
35,22	-0,645	4,09	NAN	
35,24	-0,54	4,095	NAN	
35,26	-0,513	4,1	NAN	
35,28	-0,5865	4,11	NAN	
35,3	-0,4245	4,115	NAN	
35,32	-0,639	4,125	NAN	
35,34	-0,624	4,125	NAN	
35,36	-0,5505	4,135	NAN	
35,38	-0,3645	4,145	NAN	
35,4	-0,4635	4,145	NAN	
35,42	-0,477	4,155	NAN	
35,44	-0,5355	4,16	NAN	
35,46	-0,5055	4,17	NAN	
35,48	-0,354	4,17	NAN	
35,5	-0,561	4,185	NAN	
35,52	-0,447	4,185	NAN	
35,54	-0,621	4,19	NAN	
35,56	-0,4935	4,195	NAN	
35,58	-0,3075	4,21	NAN	
35,6	-0,3795	4,21	NAN	
35,62	-0,2505	4,225	NAN	
35,64	-0,3105	4,23	NAN	
35,66	-0,366	4,23	NAN	
35,68	-0,3405	4,235	NAN	
35,7	-0,4095	4,24	NAN	
35,72	-0,2475	4,245	NAN	
35,74	-0,1905	4,255	NAN	
35,76	-0,354	4,255	NAN	
35,78	-0,36	4,27	NAN	
35,8	-0,3195	4,27	NAN	
35,82	-0,2835	4,285	NAN	
35,84	-0,3195	4,285	NAN	
35,86	-0,174	4,3	NAN	
35,88	-0,138	4,3	NAN	
35,9	-0,3045	4,31	NAN	
35,92	-0,2565	4,31	NAN	
35,94	-0,3855	4,32	NAN	
35,96	-0,2235	4,325	NAN	
35,98	-0,33	4,33	NAN	
36	-0,003	4,33	NAN	
36,02	-0,2025	4,345	NAN	
36,04	-0,297	4,345	NAN	
36,06	-0,276	4,36	NAN	
36,08	-0,2625	4,355	NAN	
36,1	-0,2535	4,37	NAN	
36,12	-0,108	4,37	NAN	
36,14	-0,279	4,38	NAN	
36,16	-0,1485	4,38	NAN	
36,18	-0,219	4,39	NAN	
36,2	-0,1185	4,39	NAN	
36,22	-0,264	4,41	NAN	
36,24	-0,327	4,405	NAN	
36,26	0	4,42	NAN	
36,28	-0,2355	4,415	NAN	
36,3	-0,078	4,43	NAN	
36,32	-0,2745	4,435	NAN	
36,34	-0,0825	4,44	NAN	
36,36	-0,1335	4,445	NAN	
36,38	-0,108	4,455	NAN	
36,4	-0,1875	4,455	NAN	
36,42	-0,24	4,465	NAN	
36,44	-0,09	4,465	NAN	
36,46	-0,3105	4,48	NAN	
36,48	-0,15	4,475	NAN	
36,5	0,018	4,49	NAN	
36,52	-0,1695	4,49	NAN	
36,54	-0,1275	4,5	NAN	
36,56	-0,2025	4,505	NAN	
36,58	-0,015	4,51	NAN	
36,6	-0,201	4,515	NAN	
36,62	-0,084	4,52	NAN	
36,64	-0,258	4,525	NAN	
36,66	-0,0975	4,535	NAN	
36,68	0,0765	4,535	NAN	
36,7	0,042	4,545	NAN	
36,72	-0,09	4,545	NAN	
36,74	-0,039	4,555	NAN	
36,76	-0,3285	4,565	NAN	
36,78	-0,075	4,565	NAN	
36,8	0,162	4,575	NAN	
36,82	0,075	4,585	NAN	
36,84	-0,1485	4,585	NAN	
36,86	-0,0705	4,59	NAN	
36,88	-0,021	4,595	NAN	
36,9	-0,126	4,6	NAN	
36,92	-0,069	4,61	NAN	
36,94	0,051	4,61	NAN	
36,96	-0,123	4,62	NAN	
36,98	-0,111	4,62	NAN	
37	0,0585	4,63	NAN	
37,02	-0,135	4,635	NAN	
37,04	0,1575	4,64	NAN	
37,06	0,069	4,645	NAN	
37,08	0,033	4,65	NAN	
37,1	0,0585	4,66	NAN	
37,12	-0,06	4,665	NAN	
37,14	-0,0045	4,665	NAN	
37,16	0,099	4,675	NAN	
37,18	0,0525	4,68	NAN	
37,2	0,102	4,685	NAN	
37,22	-0,0555	4,69	NAN	
37,24	0,144	4,7	NAN	
37,26	0,027	4,695	NAN	
37,28	0,0675	4,71	NAN	
37,3	0,003	4,71	NAN	
37,32	0,009	4,72	NAN	
37,34	-0,0795	4,72	NAN	
37,36	0,246	4,73	NAN	
37,38	0,027	4,73	NAN	
37,4	-0,045	4,74	NAN	
37,42	0,039	4,74	NAN	
37,44	0,081	4,75	NAN	
37,46	0,06	4,75	NAN	
37,48	0,174	4,765	NAN	
37,5	-0,0075	4,76	NAN	
37,52	0,12	4,775	NAN	
37,54	-0,009	4,78	NAN	
37,56	0,177	4,785	NAN	
37,58	0,1065	4,785	NAN	
37,6	0	4,795	NAN	
37,62	-0,039	4,8	NAN	
37,64	0,2415	4,805	NAN	
37,66	0,0525	4,805	NAN	
37,68	0,0495	4,82	NAN	
37,7	-0,057	4,815	NAN	
37,72	-0,027	4,825	NAN	
37,74	-0,045	4,825	NAN	
37,76	-0,018	4,84	NAN	
37,78	0,072	4,835	NAN	
37,8	0,03	4,85	NAN	
37,82	-0,039	4,85	NAN	
37,84	0,0825	4,855	NAN	
37,86	0	4,855	NAN	
37,88	0,003	4,87	NAN	
37,9	0,24	4,87	NAN	
37,92	0,168	4,88	NAN	
37,94	0,084	4,88	NAN	
37,96	0,1425	4,89	NAN	
37,98	0,174	4,89	NAN	
38	0,1425	4,9	NAN	
38,02	-0,0105	4,9	NAN	
38,04	0,117	4,91	NAN	
38,06	0,12	4,91	NAN	
38,08	-0,003	4,92	NAN	
38,1	-0,006	4,92	NAN	
38,12	-0,0555	4,935	NAN	
38,14	0,024	4,93	NAN	
38,16	-0,0165	4,945	NAN	
38,18	0,0555	4,945	NAN	
38,2	0,198	4,955	NAN	
38,22	0,255	4,95	NAN	
38,24	0,162	4,965	NAN	
38,26	0,066	4,96	NAN	
38,28	0,324	4,97	NAN	
38,3	0,108	4,97	NAN	
38,32	0,0315	4,985	NAN	
38,34	0,1305	4,98	NAN	
38,36	0,225	4,99	NAN	
38,38	0,243	4,99	NAN	
38,4	0,1305	5,005	NAN	
38,42	0,012	5	NAN	
38,44	0,12	5,01	NAN	
38,46	0,2025	5,015	NAN	
38,48	0,0495	5,02	NAN	
38,5	-0,135	5,02	NAN	
38,52	0,1605	5,045	NAN	
38,54	0,078	5,03	NAN	
38,56	0,021	5,045	NAN	
38,58	0,129	5,04	NAN	
38,6	0,162	5,05	NAN	
38,62	0,1095	5,05	NAN	
38,64	0,111	5,06	NAN	
38,66	0,018	5,065	NAN	
38,68	0,0795	5,07	NAN	
38,7	0,243	5,07	NAN	
38,72	0,288	5,085	NAN	
38,74	0,051	5,085	NAN	
38,76	0,177	5,095	NAN	
38,78	0,0825	5,095	NAN	
38,8	0,078	5,105	NAN	
38,82	0,1455	5,105	NAN	
38,84	0,021	5,11	NAN	
38,86	0,0465	5,115	NAN	
38,88	0,171	5,12	NAN	
38,9	0,078	5,13	NAN	
38,92	-0,0015	5,13	NAN	
38,94	-0,051	5,14	NAN	
38,96	0,126	5,14	NAN	
38,98	0,1125	5,145	NAN	
39	0,0585	5,155	NAN	
39,02	0,2325	5,15	NAN	
39,04	0,243	5,16	NAN	
39,06	-0,0225	5,16	NAN	
39,08	0,2025	5,165	NAN	
39,1	0,117	5,175	NAN	
39,12	0,21	5,175	NAN	
39,14	0,1095	5,18	NAN	
39,16	0,24	5,185	NAN	
39,18	0,0915	5,19	NAN	
39,2	0,219	5,195	NAN	
39,22	0,1665	5,2	NAN	
39,24	0,2205	5,205	NAN	
39,26	0,0915	5,215	NAN	
39,28	0,048	5,215	NAN	
39,3	0,06	5,225	NAN	
39,32	0,0855	5,225	NAN	
39,34	0,195	5,235	NAN	
39,36	0,1635	5,23	NAN	
39,38	0,105	5,24	NAN	
39,4	0,2535	5,24	NAN	
39,42	0,0855	5,25	NAN	
39,44	0,1965	5,25	NAN	
39,46	0,1935	5,255	NAN	
39,48	0,2385	5,255	NAN	
39,5	0,042	5,265	NAN	
39,52	0,117	5,265	NAN	
39,54	0,0735	5,275	NAN	
39,56	0,063	5,27	NAN	
39,58	0,123	5,285	NAN	
39,6	0,1005	5,285	NAN	
39,62	0,186	5,295	NAN	
39,64	0,12	5,295	NAN	
39,66	0,108	5,3	NAN	
39,68	0,0525	5,3	NAN	
39,7	0,0135	5,305	NAN	
39,72	0,2145	5,31	NAN	
39,74	0,219	5,325	NAN	
39,76	0,1245	5,315	NAN	
39,78	0,261	5,33	NAN	
39,8	0,036	5,33	NAN	
39,82	0,2265	5,335	NAN	
39,84	0,297	5,33	NAN	
39,86	0,0105	5,34	NAN	
39,88	0,0945	5,34	NAN	
39,9	0,0705	5,355	NAN	
39,92	0,246	5,345	NAN	
39,94	0,0435	5,355	NAN	
39,96	0,144	5,35	NAN	
39,98	0,1725	5,365	NAN	
40	0,2205	5,36	NAN	
40,02	-0,0915	5,37	NAN	
40,04	0	5,37	NAN	
40,06	0,159	5,38	NAN	
40,08	0,2055	5,38	NAN	
40,1	0,1965	5,385	NAN	
40,12	0,1185	5,39	NAN	
40,14	0,1185	5,395	NAN	
40,16	0,099	5,39	NAN	
40,18	0,042	5,4	NAN	
40,2	-0,027	5,405	NAN	
40,22	0,198	5,41	NAN	
40,24	0,0855	5,405	NAN	
40,26	0,0165	5,42	NAN	
40,28	0,1395	5,41	NAN	
40,3	0,0045	5,42	NAN	
40,32	0,1305	5,415	NAN	
40,34	-0,0585	5,43	NAN	
40,36	0,129	5,425	NAN	
40,38	0,084	5,435	NAN	
40,4	0,1425	5,435	NAN	
40,42	0,0195	5,44	NAN	
40,44	-0,135	5,435	NAN	
40,46	0,042	5,45	NAN	
40,48	0,1125	5,445	NAN	
40,5	0,1155	5,46	NAN	
40,52	0,0165	5,45	NAN	
40,54	0,237	5,46	NAN	
40,56	0,1125	5,46	NAN	
40,58	0,1095	5,465	NAN	
40,6	0,0465	5,465	NAN	
40,62	0,0885	5,47	NAN	
40,64	0,018	5,47	NAN	
40,66	0,033	5,475	NAN	
40,68	0,063	5,47	NAN	
40,7	0,402	5,48	NAN	
40,72	0,1395	5,48	NAN	
40,74	0,081	5,49	NAN	
40,76	0,159	5,485	NAN	
40,78	0	5,495	NAN	
40,8	0,2235	5,49	NAN	
40,82	0,1455	5,5	NAN	
40,84	0,072	5,495	NAN	
40,86	-0,0015	5,505	NAN	
40,88	0,279	5,5	NAN	
40,9	0,1575	5,51	NAN	
40,92	0,1245	5,505	NAN	
40,94	0,0465	5,515	NAN	
40,96	-0,12	5,51	NAN	
40,98	0,051	5,52	NAN	
41	0,189	5,52	NAN	
41,02	-0,141	5,525	NAN	
41,04	0,096	5,525	NAN	
41,06	0,1815	5,53	NAN	
41,08	0,021	5,525	NAN	
41,1	0,195	5,53	NAN	
41,12	0,0765	5,53	NAN	
41,14	-0,0795	5,535	NAN	
41,16	0,036	5,54	NAN	
41,18	0,0855	5,54	NAN	
41,2	0,045	5,545	NAN	
41,22	0,0195	5,55	NAN	
41,24	0,0435	5,545	NAN	
41,26	0,0135	5,55	NAN	
41,28	0,087	5,555	NAN	
41,3	0,225	5,555	NAN	
41,32	0,213	5,56	NAN	
41,34	-0,0285	5,555	NAN	
41,36	0,0615	5,56	NAN	
41,38	0,1575	5,57	NAN	
41,4	0,084	5,565	NAN	
41,42	-0,0975	5,57	NAN	
41,44	0,153	5,57	NAN	
41,46	0,144	5,575	NAN	
41,48	0,126	5,57	NAN	
41,5	0,1635	5,575	NAN	
41,52	0,027	5,58	NAN	
41,54	0,0765	5,58	NAN	
41,56	0,177	5,585	NAN	
41,58	0,2325	5,58	NAN	
41,6	0,075	5,59	NAN	
41,62	0,186	5,585	NAN	
41,64	-0,057	5,59	NAN	
41,66	0,174	5,59	NAN	
41,68	0,207	5,595	NAN	
41,7	-0,135	5,595	NAN	
41,72	0,087	5,6	NAN	
41,74	0,171	5,6	NAN	
41,76	0,159	5,605	NAN	
41,78	0,0525	5,6	NAN	
41,8	-0,1305	5,605	NAN	
41,82	0,18	5,6	NAN	
41,84	0,066	5,605	NAN	
41,86	0,1095	5,605	NAN	
41,88	0,1875	5,61	NAN	
41,9	0,1185	5,61	NAN	
41,92	-0,111	5,615	NAN	
41,94	-0,06	5,615	NAN	
41,96	0,2235	5,62	NAN	
41,98	0,156	5,615	NAN	
42	0,069	5,62	NAN	
42,02	0,0105	5,62	NAN	
42,04	-0,0255	5,63	NAN	
42,06	0,129	5,62	NAN	
42,08	0,06	5,63	NAN	
42,1	0,114	5,625	NAN	
42,12	-0,012	5,63	NAN	
42,14	0,117	5,63	NAN	
42,16	-0,018	5,635	NAN	
42,18	0,021	5,63	NAN	
42,2	-0,0735	5,635	NAN	
42,22	0,153	5,63	NAN	
42,24	0,117	5,64	NAN	
42,26	-0,0045	5,64	NAN	
42,28	-0,066	5,64	NAN	
42,3	-0,063	5,64	NAN	
42,32	0,0555	5,645	NAN	
42,34	-0,0585	5,64	NAN	
42,36	-0,099	5,65	NAN	
42,38	0,045	5,645	NAN	
42,4	-0,2205	5,655	NAN	
42,42	0,147	5,645	NAN	
42,44	0,1005	5,655	NAN	
42,46	0,0285	5,645	NAN	
42,48	-0,105	5,655	NAN	
42,5	-0,0435	5,65	NAN	
42,52	0,0585	5,66	NAN	
42,54	0,159	5,655	NAN	
42,56	-0,1395	5,67	NAN	
42,58	0,057	5,655	NAN	
42,6	-0,015	5,665	NAN	
42,62	0,0315	5,66	NAN	
42,64	-0,003	5,67	NAN	
42,66	-0,0825	5,66	NAN	
42,68	-0,0975	5,67	NAN	
42,7	0,0195	5,665	NAN	
42,72	0,018	5,67	NAN	
42,74	-0,0525	5,67	NAN	
42,76	-0,186	5,67	NAN	
42,78	-0,09	5,67	NAN	
42,8	0,1725	5,675	NAN	
42,82	-0,0075	5,67	NAN	
42,84	0,0795	5,68	NAN	
42,86	-0,069	5,67	NAN	
42,88	0,048	5,68	NAN	
42,9	0,129	5,67	NAN	
42,92	-0,021	5,68	NAN	
42,94	-0,1245	5,67	NAN	
42,96	0,198	5,68	NAN	
42,98	0,015	5,675	NAN	
43	-0,072	5,685	NAN	
43,02	0,0555	5,675	NAN	
43,04	-0,1665	5,685	NAN	
43,06	-0,105	5,68	NAN	
43,08	-0,0195	5,685	NAN	
43,1	-0,0255	5,685	NAN	
43,12	-0,0765	5,685	NAN	
43,14	0,1485	5,685	NAN	
43,16	-0,0645	5,69	NAN	
43,18	-0,0315	5,685	NAN	
43,2	-0,1185	5,685	NAN	
43,22	-0,0405	5,68	NAN	
43,24	-0,033	5,69	NAN	
43,26	-0,0855	5,685	NAN	
43,28	-0,0465	5,695	NAN	
43,3	-0,162	5,68	NAN	
43,32	0,1095	5,69	NAN	
43,34	-0,111	5,685	NAN	
43,36	-0,066	5,69	NAN	
43,38	-0,0645	5,69	NAN	
43,4	-0,1635	5,7	NAN	
43,42	-0,0135	5,685	NAN	
43,44	-0,0015	5,695	NAN	
43,46	-0,1485	5,685	NAN	
43,48	0,18	5,695	NAN	
43,5	-0,0105	5,685	NAN	
43,52	-0,0465	5,695	NAN	
43,54	0,0345	5,69	NAN	
43,56	-0,114	5,7	NAN	
43,58	0,03	5,695	NAN	
43,6	-0,0615	5,695	NAN	
43,62	0,144	5,69	NAN	
43,64	-0,1605	5,695	NAN	
43,66	-0,1395	5,69	NAN	
43,68	-0,0945	5,695	NAN	
43,7	-0,183	5,69	NAN	
43,72	-0,111	5,695	NAN	
43,74	0,051	5,69	NAN	
43,76	-0,0255	5,695	NAN	
43,78	0,0495	5,69	NAN	
43,8	0,045	5,69	NAN	
43,82	0,0435	5,7	NAN	
43,84	0,1785	5,69	NAN	
43,86	0,087	5,695	NAN	
43,88	0,0675	5,69	NAN	
43,9	0,1305	5,695	NAN	
43,92	-0,0165	5,695	NAN	
43,94	0,0165	5,695	NAN	
43,96	0,2655	5,69	NAN	
43,98	0,1425	5,695	NAN	
44	0,12	5,695	NAN	
44,02	0,2925	5,695	NAN	
44,04	0,156	5,7	NAN	
44,06	0,084	5,69	NAN	
44,08	0,087	5,695	NAN	
44,1	0,2325	5,69	NAN	
44,12	0,2445	5,695	NAN	
44,14	0,2295	5,685	NAN	
44,16	0,225	5,695	NAN	
44,18	0,099	5,69	NAN	
44,2	0,3225	5,69	NAN	
44,22	-0,024	5,69	NAN	
44,24	0,2535	5,685	NAN	
44,26	0,147	5,685	NAN	
44,28	0,0195	5,685	NAN	
44,3	0,138	5,69	NAN	
44,32	0,1065	5,68	NAN	
44,34	-0,036	5,69	NAN	
44,36	0,2925	5,68	NAN	
44,38	0,075	5,69	NAN	
44,4	0,153	5,695	NAN	
44,42	0,1035	5,69	NAN	
44,44	0,2685	5,69	NAN	
44,46	0,312	5,68	NAN	
44,48	0,1065	5,69	NAN	
44,5	0,153	5,675	NAN	
44,52	0,276	5,685	NAN	
44,54	0,1245	5,675	NAN	
44,56	0,1605	5,69	NAN	
44,58	0,426	5,675	NAN	
44,6	0,12	5,68	NAN	
44,62	0,192	5,68	NAN	
44,64	0,075	5,68	NAN	
44,66	0,1965	5,68	NAN	
44,68	0,183	5,67	NAN	
44,7	0,0195	5,68	NAN	
44,72	0,1545	5,665	NAN	
44,74	-0,069	5,675	NAN	
44,76	0,0045	5,665	NAN	
44,78	0,1155	5,675	NAN	
44,8	-0,0915	5,665	NAN	
44,82	0,2895	5,67	NAN	
44,84	0,102	5,665	NAN	
44,86	0,132	5,665	NAN	
44,88	0,03	5,665	NAN	
44,9	0,0375	5,665	NAN	
44,92	0,024	5,665	NAN	
44,94	0,048	5,665	NAN	
44,96	0,0195	5,655	NAN	
44,98	0,1875	5,66	NAN	
45	0,051	5,655	NAN	
45,02	0,147	5,665	NAN	
45,04	0,195	5,65	NAN	
45,06	0,1965	5,66	NAN	
45,08	0,225	5,65	NAN	
45,1	0,0795	5,655	NAN	
45,12	0,054	5,645	NAN	
45,14	0,1485	5,655	NAN	
45,16	0,1275	5,645	NAN	
45,18	0,0645	5,65	NAN	
45,2	0,1845	5,645	NAN	
45,22	0,03	5,645	NAN	
45,24	0,0945	5,645	NAN	
45,26	0,0825	5,64	NAN	
45,28	0,312	5,645	NAN	
45,3	0,0915	5,64	NAN	
45,32	0,2595	5,635	NAN	
45,34	0,075	5,635	NAN	
45,36	0,066	5,635	NAN	
45,38	0,2445	5,635	NAN	
45,4	0,1125	5,63	NAN	
45,42	0,0885	5,63	NAN	
45,44	0,1635	5,625	NAN	
45,46	0,1995	5,63	NAN	
45,48	0,2025	5,62	NAN	
45,5	0,1995	5,625	NAN	
45,52	-0,0075	5,615	NAN	
45,54	0,198	5,615	NAN	
45,56	0,0255	5,615	NAN	
45,58	0,2925	5,615	NAN	
45,6	0,2415	5,605	NAN	
45,62	0,1485	5,61	NAN	
45,64	0,0225	5,61	NAN	
45,66	0,1425	5,61	NAN	
45,68	0,1425	5,61	NAN	
45,7	0,0915	5,61	NAN	
45,72	0,123	5,605	NAN	
45,74	0,1035	5,6	NAN	
45,76	0,237	5,6	NAN	
45,78	0,1665	5,595	NAN	
45,8	0,135	5,595	NAN	
45,82	0,093	5,59	NAN	
45,84	0,1485	5,59	NAN	
45,86	-0,0195	5,58	NAN	
45,88	0,147	5,58	NAN	
45,9	0,0225	5,585	NAN	
45,92	0,2955	5,58	NAN	
45,94	0,111	5,585	NAN	
45,96	0,3045	5,575	NAN	
45,98	0,0345	5,575	NAN	
46	0,1005	5,57	NAN	
46,02	0,072	5,57	NAN	
46,04	0,282	5,57	NAN	
46,06	-0,006	5,565	NAN	
46,08	0,1845	5,565	NAN	
46,1	0,2235	5,565	NAN	
46,12	0,141	5,56	NAN	
46,14	-0,054	5,555	NAN	
46,16	-0,141	5,555	NAN	
46,18	0,036	5,55	NAN	
46,2	0,1005	5,55	NAN	
46,22	0,234	5,545	NAN	
46,24	0,177	5,545	NAN	
46,26	0,204	5,545	NAN	
46,28	-0,027	5,54	NAN	
46,3	-0,021	5,54	NAN	
46,32	-0,0405	5,535	NAN	
46,34	0,1455	5,535	NAN	
46,36	0,0585	5,535	NAN	
46,38	0,1455	5,525	NAN	
46,4	0,186	5,525	NAN	
46,42	0,1665	5,52	NAN	
46,44	0,048	5,52	NAN	
46,46	0,2745	5,515	NAN	
46,48	0,177	5,515	NAN	
46,5	0,0585	5,51	NAN	
46,52	-0,141	5,505	NAN	
46,54	0,0495	5,505	NAN	
46,56	0,12	5,505	NAN	
46,58	0,0015	5,5	NAN	
46,6	0,1365	5,5	NAN	
46,62	0,1695	5,495	NAN	
46,64	0,2625	5,49	NAN	
46,66	0,039	5,485	NAN	
46,68	0,084	5,485	NAN	
46,7	0,0225	5,48	NAN	
46,72	0,045	5,48	NAN	
46,74	0,0345	5,475	NAN	
46,76	0,1785	5,47	NAN	
46,78	0,1125	5,47	NAN	
46,8	0,1335	5,47	NAN	
46,82	0,0375	5,465	NAN	
46,84	0,0165	5,46	NAN	
46,86	0,0855	5,46	NAN	
46,88	0,126	5,465	NAN	
46,9	0,129	5,45	NAN	
46,92	0,0825	5,445	NAN	
46,94	0,3015	5,45	NAN	
46,96	0,138	5,445	NAN	
46,98	0,1935	5,44	NAN	
47	0,0105	5,44	NAN	
47,02	0,189	5,435	NAN	
47,04	0,1335	5,435	NAN	
47,06	-0,024	5,43	NAN	
47,08	0,0885	5,425	NAN	
47,1	0,2205	5,42	NAN	
47,12	-0,0195	5,42	NAN	
47,14	0,0915	5,415	NAN	
47,16	-0,0375	5,41	NAN	
47,18	-0,0495	5,41	NAN	
47,2	0,159	5,405	NAN	
47,22	0,081	5,4	NAN	
47,24	0,1995	5,4	NAN	
47,26	0,075	5,395	NAN	
47,28	0,3495	5,395	NAN	
47,3	0,0975	5,39	NAN	
47,32	0,069	5,385	NAN	
47,34	-0,003	5,38	NAN	
47,36	0,2355	5,38	NAN	
47,38	0,0195	5,375	NAN	
47,4	0,1215	5,375	NAN	
47,42	0,0825	5,375	NAN	
47,44	0,051	5,365	NAN	
47,46	0,033	5,36	NAN	
47,48	0,015	5,355	NAN	
47,5	0,075	5,355	NAN	
47,52	0,18	5,355	NAN	
47,54	0,09	5,345	NAN	
47,56	-0,0165	5,345	NAN	
47,58	0,1245	5,335	NAN	
47,6	-0,045	5,34	NAN	
47,62	0,0705	5,335	NAN	
47,64	-0,0075	5,33	NAN	
47,66	0,1485	5,325	NAN	
47,68	0,0855	5,325	NAN	
47,7	0,126	5,32	NAN	
47,72	0,1275	5,32	NAN	
47,74	0,108	5,315	NAN	
47,76	0,321	5,31	NAN	
47,78	0,1185	5,305	NAN	
47,8	0,0255	5,305	NAN	
47,82	-0,0495	5,295	NAN	
47,84	0,1305	5,3	NAN	
47,86	0,0975	5,29	NAN	
47,88	0,126	5,29	NAN	
47,9	0,162	5,28	NAN	
47,92	0,015	5,28	NAN	
47,94	-0,009	5,27	NAN	
47,96	-0,0465	5,275	NAN	
47,98	0,108	5,27	NAN	
48	-0,03	5,265	NAN	
48,02	0,1305	5,26	NAN	
48,04	0,222	5,26	NAN	
48,06	0,2265	5,255	NAN	
48,08	0,3585	5,25	NAN	
48,1	0,123	5,245	NAN	
48,12	0,048	5,245	NAN	
48,14	-0,12	5,235	NAN	
48,16	0,2025	5,235	NAN	
48,18	0,183	5,225	NAN	
48,2	0,15	5,225	NAN	
48,22	0,0525	5,22	NAN	
48,24	0,021	5,22	NAN	
48,26	0,2715	5,215	NAN	
48,28	0,0345	5,215	NAN	
48,3	0,0465	5,21	NAN	
48,32	0,0705	5,205	NAN	
48,34	0,0435	5,2	NAN	
48,36	-0,078	5,195	NAN	
48,38	-0,0105	5,19	NAN	
48,4	0,06	5,19	NAN	
48,42	0,1065	5,185	NAN	
48,44	-0,015	5,185	NAN	
48,46	0,1155	5,175	NAN	
48,48	0,0855	5,18	NAN	
48,5	0,003	5,17	NAN	
48,52	0,042	5,17	NAN	
48,54	0,1335	5,155	NAN	
48,56	0,0825	5,16	NAN	
48,58	0,1935	5,15	NAN	
48,6	0,1515	5,15	NAN	
48,62	0,0855	5,145	NAN	
48,64	0,0825	5,145	NAN	
48,66	0,12	5,135	NAN	
48,68	0,1335	5,135	NAN	
48,7	-0,1305	5,13	NAN	
48,72	0,15	5,13	NAN	
48,74	0,162	5,125	NAN	
48,76	0,075	5,12	NAN	
48,78	0,2265	5,115	NAN	
48,8	0,219	5,11	NAN	
48,82	-0,0375	5,1	NAN	
48,84	0,171	5,105	NAN	
48,86	0,171	5,095	NAN	
48,88	-0,0405	5,105	NAN	
48,9	0,147	5,085	NAN	
48,92	0,0225	5,085	NAN	
48,94	0,0105	5,08	NAN	
48,96	0,0045	5,08	NAN	
48,98	0,0375	5,07	NAN	
49	0,0885	5,075	NAN	
49,02	0,1995	5,06	NAN	
49,04	0,036	5,065	NAN	
49,06	0,063	5,055	NAN	
49,08	0,1215	5,06	NAN	
49,1	-0,0495	5,05	NAN	
49,12	-0,0735	5,05	NAN	
49,14	0,108	5,045	NAN	
49,16	0,054	5,045	NAN	
49,18	0,0675	5,03	NAN	
49,2	0,0855	5,035	NAN	
49,22	-0,1005	5,025	NAN	
49,24	0,066	5,025	NAN	
49,26	-0,06	5,02	NAN	
49,28	0,012	5,02	NAN	
49,3	0,063	5,01	NAN	
49,32	-0,015	5,01	NAN	
49,34	0,117	5	NAN	
49,36	-0,0225	5,005	NAN	
49,38	0,042	4,995	NAN	
49,4	-0,006	4,995	NAN	
49,42	0,0255	4,985	NAN	
49,44	0,1605	4,99	NAN	
49,46	-0,0195	4,98	NAN	
49,48	0,0765	4,98	NAN	
49,5	0,006	4,97	NAN	
49,52	-0,021	4,975	NAN	
49,54	0,1335	4,96	NAN	
49,56	0,0225	4,965	NAN	
49,58	0,057	4,955	NAN	
49,6	0,12	4,96	NAN	
49,62	0,093	4,945	NAN	
49,64	0,039	4,95	NAN	
49,66	-0,0165	4,945	NAN	
49,68	0,1095	4,94	NAN	
49,7	-0,063	4,93	NAN	
49,72	0,054	4,93	NAN	
49,74	0,162	4,925	NAN	
49,76	0,0855	4,92	NAN	
49,78	-0,078	4,915	NAN	
49,8	0,0495	4,915	NAN	
49,82	0,1575	4,91	NAN	
49,84	-0,057	4,91	NAN	
49,86	-0,051	4,9	NAN	
49,88	-0,0495	4,905	NAN	
49,9	0,0945	4,89	NAN	
49,92	0,024	4,895	NAN	
49,94	0,0585	4,885	NAN	
49,96	0,099	4,88	NAN	
49,98	0,0945	4,875	NAN	
50	-0,003	4,875	NAN	
50,02	0,174	4,865	NAN	
50,04	-0,0495	4,87	NAN	
50,06	-0,027	4,86	NAN	
50,08	0,0225	4,86	NAN	
50,1	0,2505	4,85	NAN	
50,12	-0,081	4,85	NAN	
50,14	-0,0375	4,845	NAN	
50,16	-0,0735	4,845	NAN	
50,18	-0,138	4,835	NAN	
50,2	-0,033	4,835	NAN	
50,22	0,033	4,83	NAN	
50,24	0,138	4,825	NAN	
50,26	0,0555	4,82	NAN	
50,28	0,0375	4,82	NAN	
50,3	0,0345	4,81	NAN	
50,32	0,0135	4,81	NAN	
50,34	-0,0885	4,8	NAN	
50,36	0,153	4,81	NAN	
50,38	0,234	4,8	NAN	
50,4	-0,0795	4,795	NAN	
50,42	-0,084	4,79	NAN	
50,44	0,0885	4,79	NAN	
50,46	0,1575	4,78	NAN	
50,48	-0,0105	4,78	NAN	
50,5	0,1305	4,77	NAN	
50,52	-0,066	4,775	NAN	
50,54	0,0435	4,76	NAN	
50,56	0,177	4,77	NAN	
50,58	0,1845	4,76	NAN	
50,6	0,1005	4,755	NAN	
50,62	0,0285	4,75	NAN	
50,64	0,072	4,75	NAN	
50,66	0,018	4,74	NAN	
50,68	0,015	4,74	NAN	
50,7	0,075	4,735	NAN	
50,72	0,081	4,73	NAN	
50,74	0,1845	4,72	NAN	
50,76	0,0435	4,73	NAN	
50,78	0,078	4,715	NAN	
50,8	0,018	4,715	NAN	
50,82	0,144	4,71	NAN	
50,84	0,1515	4,71	NAN	
50,86	0,2925	4,7	NAN	
50,88	0,069	4,7	NAN	
50,9	-0,1455	4,69	NAN	
50,92	0,084	4,69	NAN	
50,94	0,198	4,685	NAN	
50,96	0,126	4,685	NAN	
50,98	0,159	4,67	NAN	
51	0,1005	4,675	NAN	
51,02	0,171	4,665	NAN	
51,04	0,2265	4,665	NAN	
51,06	0,0195	4,65	NAN	
51,08	0,1125	4,66	NAN	
51,1	-0,1215	4,645	NAN	
51,12	0,135	4,65	NAN	
51,14	-0,1005	4,64	NAN	
51,16	0,03	4,645	NAN	
51,18	0,129	4,635	NAN	
51,2	-0,084	4,635	NAN	
51,22	-0,057	4,625	NAN	
51,24	0,0045	4,63	NAN	
51,26	-0,0825	4,615	NAN	
51,28	-0,189	4,615	NAN	
51,3	-0,0255	4,61	NAN	
51,32	0,027	4,61	NAN	
51,34	0,0465	4,595	NAN	
51,36	0,0015	4,6	NAN	
51,38	0,0075	4,595	NAN	
51,4	-0,009	4,595	NAN	
51,42	-0,033	4,585	NAN	
51,44	0,1275	4,58	NAN	
51,46	0,096	4,575	NAN	
51,48	-0,081	4,575	NAN	
51,5	0,0345	4,565	NAN	
51,52	0,021	4,57	NAN	
51,54	0,0045	4,555	NAN	
51,56	0,075	4,56	NAN	
51,58	-0,027	4,55	NAN	
51,6	0,021	4,55	NAN	
51,62	-0,045	4,545	NAN	
51,64	0,018	4,54	NAN	
51,66	-0,1065	4,535	NAN	
51,68	-0,009	4,54	NAN	
51,7	-0,081	4,525	NAN	
51,72	-0,009	4,525	NAN	
51,74	0,135	4,515	NAN	
51,76	0,0375	4,515	NAN	
51,78	0,06	4,51	NAN	
51,8	-0,012	4,505	NAN	
51,82	0	4,5	NAN	
51,84	0,027	4,495	NAN	
51,86	0,1965	4,48	NAN	
51,88	-0,0855	4,49	NAN	
51,9	-0,1755	4,475	NAN	
51,92	0,015	4,475	NAN	
51,94	-0,015	4,47	NAN	
51,96	0,0645	4,465	NAN	
51,98	0,15	4,46	NAN	
52	0,045	4,475	NAN	
52,02	0,1155	4,445	NAN	
52,04	0,081	4,45	NAN	
52,06	0,042	4,44	NAN	
52,08	-0,021	4,44	NAN	
52,1	-0,021	4,435	NAN	
52,12	-0,0795	4,435	NAN	
52,14	-0,1395	4,43	NAN	
52,16	0,042	4,425	NAN	
52,18	-0,225	4,41	NAN	
52,2	-0,0285	4,41	NAN	
52,22	0,1065	4,405	NAN	
52,24	0,006	4,4	NAN	
52,26	-0,3075	4,395	NAN	
52,28	-0,0795	4,39	NAN	
52,3	0,0555	4,385	NAN	
52,32	0,198	4,39	NAN	
52,34	0,003	4,375	NAN	
52,36	-0,0765	4,375	NAN	
52,38	-0,03	4,36	NAN	
52,4	-0,0375	4,365	NAN	
52,42	0,0285	4,355	NAN	
52,44	-0,075	4,35	NAN	
52,46	-0,12	4,345	NAN	
52,48	0,015	4,34	NAN	
52,5	0,1515	4,335	NAN	
52,52	0,0165	4,33	NAN	
52,54	0,0225	4,32	NAN	
52,56	0,0225	4,325	NAN	
52,58	-0,153	4,315	NAN	
52,6	-0,054	4,31	NAN	
52,62	-0,0855	4,295	NAN	
52,64	0,1305	4,3	NAN	
52,66	0,171	4,29	NAN	
52,68	0,0045	4,29	NAN	
52,7	-0,189	4,28	NAN	
52,72	0,0705	4,275	NAN	
52,74	0,1095	4,27	NAN	
52,76	-0,0105	4,27	NAN	
52,78	0,12	4,255	NAN	
52,8	0	4,26	NAN	
52,82	0,0465	4,25	NAN	
52,84	0,207	4,25	NAN	
52,86	-0,0975	4,235	NAN	
52,88	-0,0975	4,235	NAN	
52,9	-0,141	4,225	NAN	
52,92	0,0915	4,225	NAN	
52,94	0,0405	4,22	NAN	
52,96	0,063	4,215	NAN	
52,98	-0,084	4,21	NAN	
53	0,0045	4,2	NAN	
53,02	-0,066	4,2	NAN	
53,04	-0,2145	4,19	NAN	
53,06	-0,1545	4,185	NAN	
53,08	0,0045	4,18	NAN	
53,1	-0,123	4,17	NAN	
53,12	-0,1275	4,17	NAN	
53,14	-0,1305	4,16	NAN	
53,16	-0,1725	4,16	NAN	
53,18	0,0045	4,15	NAN	
53,2	-0,0735	4,15	NAN	
53,22	-0,1335	4,14	NAN	
53,24	-0,0525	4,135	NAN	
53,26	-0,1485	4,125	NAN	
53,28	-0,036	4,13	NAN	
53,3	-0,1545	4,115	NAN	
53,32	-0,126	4,115	NAN	
53,34	-0,0045	4,11	NAN	
53,36	-0,054	4,105	NAN	
53,38	-0,201	4,1	NAN	
53,4	-0,0555	4,1	NAN	
53,42	-0,015	4,09	NAN	
53,44	-0,1005	4,09	NAN	
53,46	-0,1455	4,08	NAN	
53,48	0,141	4,07	NAN	
53,5	-0,0465	4,07	NAN	
53,52	0,033	4,06	NAN	
53,54	0,006	4,055	NAN	
53,56	-0,1665	4,05	NAN	
53,58	-0,1335	4,045	NAN	
53,6	0,081	4,045	NAN	
53,62	-0,1245	4,035	NAN	
53,64	0,0645	4,03	NAN	
53,66	-0,0555	4,03	NAN	
53,68	0,012	4,015	NAN	
53,7	-0,0945	4,015	NAN	
53,72	-0,051	4,01	NAN	
53,74	-0,0495	4,005	NAN	
53,76	-0,102	4	NAN	
53,78	-0,1215	3,995	NAN	
53,8	-0,06	3,99	NAN	
53,82	-0,141	3,985	NAN	
53,84	-0,0975	3,98	NAN	
53,86	-0,177	3,975	NAN	
53,88	-0,2535	3,97	NAN	
53,9	-0,4035	3,965	NAN	
53,92	-0,1035	3,96	NAN	
53,94	-0,126	3,95	NAN	
53,96	-0,0435	3,945	NAN	
53,98	-0,195	3,945	NAN	
54	-0,168	3,94	NAN	
54,02	-0,177	3,935	NAN	
54,04	-0,1545	3,925	NAN	
54,06	-0,0285	3,925	NAN	
54,08	0	3,92	NAN	
54,1	-0,2205	3,91	NAN	
54,12	-0,0795	3,905	NAN	
54,14	-0,2175	3,905	NAN	
54,16	-0,2145	3,895	NAN	
54,18	-0,1485	3,895	NAN	
54,2	-0,2145	3,89	NAN	
54,22	-0,186	3,88	NAN	
54,24	-0,1935	3,875	NAN	
54,26	-0,174	3,875	NAN	
54,28	-0,2505	3,87	NAN	
54,3	-0,198	3,86	NAN	
54,32	-0,3375	3,86	NAN	
54,34	-0,1845	3,85	NAN	
54,36	-0,1305	3,85	NAN	
54,38	-0,21	3,845	NAN	
54,4	-0,1335	3,835	NAN	
54,42	-0,3255	3,835	NAN	
54,44	-0,189	3,83	NAN	
54,46	-0,339	3,825	NAN	
54,48	-0,222	3,815	NAN	
54,5	-0,255	3,815	NAN	
54,52	-0,0705	3,805	NAN	
54,54	-0,129	3,81	NAN	
54,56	-0,279	3,795	NAN	
54,58	-0,2895	3,8	NAN	
54,6	-0,138	3,79	NAN	
54,62	-0,2505	3,79	NAN	
54,64	-0,138	3,785	NAN	
54,66	-0,0675	3,78	NAN	
54,68	-0,3015	3,775	NAN	
54,7	-0,102	3,77	NAN	
54,72	-0,2505	3,765	NAN	
54,74	-0,309	3,755	NAN	
54,76	-0,294	3,75	NAN	
54,78	-0,2115	3,75	NAN	
54,8	-0,105	3,75	NAN	
54,82	-0,3795	3,745	NAN	
54,84	-0,2505	3,735	NAN	
54,86	-0,3465	3,73	NAN	
54,88	-0,1545	3,725	NAN	
54,9	-0,1845	3,72	NAN	
54,92	-0,285	3,715	NAN	
54,94	-0,285	3,71	NAN	
54,96	-0,261	3,705	NAN	
54,98	-0,1005	3,7	NAN	
55	-0,222	3,7	NAN	
55,02	-0,1875	3,7	NAN	
55,04	-0,3345	3,69	NAN	
55,06	-0,2835	3,695	NAN	
55,08	-0,375	3,685	NAN	
55,1	-0,1605	3,68	NAN	
55,12	-0,294	3,67	NAN	
55,14	-0,336	3,67	NAN	
55,16	-0,291	3,665	NAN	
55,18	-0,342	3,66	NAN	
55,2	-0,3255	3,655	NAN	
55,22	-0,225	3,65	NAN	
55,24	-0,4725	3,645	NAN	
55,26	-0,5235	3,64	NAN	
55,28	-0,33	3,64	NAN	
55,3	-0,393	3,63	NAN	
55,32	-0,3495	3,625	NAN	
55,34	-0,3735	3,63	NAN	
55,36	-0,2625	3,62	NAN	
55,38	-0,42	3,62	NAN	
55,4	-0,3975	3,605	NAN	
55,42	-0,1905	3,61	NAN	
55,44	-0,321	3,595	NAN	
55,46	-0,5445	3,595	NAN	
55,48	-0,4395	3,595	NAN	
55,5	-0,48	3,58	NAN	
55,52	-0,4305	3,585	NAN	
55,54	-0,4635	3,58	NAN	
55,56	-0,459	3,575	NAN	
55,58	-0,426	3,57	NAN	
55,6	-0,4815	3,565	NAN	
55,62	-0,507	3,565	NAN	
55,64	-0,5715	3,555	NAN	
55,66	-0,372	3,555	NAN	
55,68	-0,597	3,545	NAN	
55,7	-0,549	3,54	NAN	
55,72	-0,4875	3,545	NAN	
55,74	-0,5505	3,535	NAN	
55,76	-0,399	3,53	NAN	
55,78	-0,4605	3,53	NAN	
55,8	-0,396	3,515	NAN	
55,82	-0,5115	3,515	NAN	
55,84	-0,408	3,51	NAN	
55,86	-0,5805	3,51	NAN	
55,88	-0,5475	3,5	NAN	
55,9	-0,537	3,5	NAN	
55,92	-0,5535	3,495	NAN	
55,94	-0,5085	3,49	NAN	
55,96	-0,4605	3,485	NAN	
55,98	-0,678	3,48	NAN	
56	-0,5505	3,48	NAN	
56,02	-0,5925	3,475	NAN	
56,04	-0,555	3,465	NAN	
56,06	-0,6615	3,47	NAN	
56,08	-0,6915	3,46	NAN	
56,1	-0,6435	3,455	NAN	
56,12	-0,5565	3,45	NAN	
56,14	-0,699	3,45	NAN	
56,16	-0,7755	3,44	NAN	
56,18	-0,7215	3,435	NAN	
56,2	-0,6195	3,435	NAN	
56,22	-0,72	3,435	NAN	
56,24	-0,807	3,43	NAN	
56,26	-0,876	3,42	NAN	
56,28	-0,741	3,42	NAN	
56,3	-0,621	3,415	NAN	
56,32	-0,6255	3,41	NAN	
56,34	-0,5625	3,405	NAN	
56,36	-0,957	3,405	NAN	
56,38	-0,8355	3,4	NAN	
56,4	-0,879	3,395	NAN	
56,42	-0,6585	3,39	NAN	
56,44	-0,663	3,395	NAN	
56,46	-0,7935	3,38	NAN	
56,48	-0,7635	3,38	NAN	
56,5	-0,6705	3,375	NAN	
56,52	-0,939	3,37	NAN	
56,54	-0,777	3,365	NAN	
56,56	-0,87	3,365	NAN	
56,58	-0,6855	3,355	NAN	
56,6	-0,7215	3,355	NAN	
56,62	-0,897	3,345	NAN	
56,64	-0,759	3,345	NAN	
56,66	-0,9345	3,345	NAN	
56,68	-0,8805	3,335	NAN	
56,7	-0,8445	3,33	NAN	
56,72	-0,9375	3,33	NAN	
56,74	-0,9015	3,325	NAN	
56,76	-0,984	3,325	NAN	
56,78	-0,9495	3,315	NAN	
56,8	-0,9945	3,32	NAN	
56,82	-0,9885	3,31	NAN	
56,84	-1,164	3,31	NAN	
56,86	-0,9915	3,305	NAN	
56,88	-1,005	3,3	NAN	
56,9	-0,993	3,295	NAN	
56,92	-1,0095	3,295	NAN	
56,94	-1,1085	3,285	NAN	
56,96	-0,9615	3,285	NAN	
56,98	-1,134	3,28	NAN	
57	-1,1835	3,275	NAN	
57,02	-1,1805	3,275	NAN	
57,04	-1,1895	3,275	NAN	
57,06	-1,263	3,265	NAN	
57,08	-1,02	3,265	NAN	
57,1	-1,068	3,255	NAN	
57,12	-1,1055	3,26	NAN	
57,14	-1,1025	3,255	NAN	
57,16	-1,149	3,25	NAN	
57,18	-1,233	3,245	NAN	
57,2	-1,1115	3,25	NAN	
57,22	-1,287	3,24	NAN	
57,24	-1,365	3,24	NAN	
57,26	-1,3665	3,23	NAN	
57,28	-1,209	3,23	NAN	
57,3	-1,4445	3,225	NAN	
57,32	-1,233	3,225	NAN	
57,34	-1,371	3,22	NAN	
57,36	-1,2525	3,22	NAN	
57,38	-1,23	3,21	NAN	
57,4	-1,3335	3,21	NAN	
57,42	-1,3095	3,205	NAN	
57,44	-1,395	3,205	NAN	
57,46	-1,3035	3,205	NAN	
57,48	-1,41	3,2	NAN	
57,5	-1,1415	3,195	NAN	
57,52	-1,284	3,195	NAN	
57,54	-1,302	3,19	NAN	
57,56	-1,3245	3,19	NAN	
57,58	-1,404	3,175	NAN	
57,6	-1,3095	3,185	NAN	
57,62	-1,5195	3,175	NAN	
57,64	-1,5525	3,175	NAN	
57,66	-1,4595	3,17	NAN	
57,68	-1,497	3,17	NAN	
57,7	-1,5945	3,165	NAN	
57,72	-1,5165	3,16	NAN	
57,74	-1,62	3,155	NAN	
57,76	-1,422	3,155	NAN	
57,78	-1,5855	3,15	NAN	
57,8	-1,503	3,145	NAN	
57,82	-1,647	3,145	NAN	
57,84	-1,5735	3,14	NAN	
57,86	-1,497	3,14	NAN	
57,88	-1,7175	3,14	NAN	
57,9	-1,587	3,13	NAN	
57,92	-1,593	3,135	NAN	
57,94	-1,551	3,13	NAN	
57,96	-1,5825	3,13	NAN	
57,98	-1,716	3,115	NAN	
58	-1,611	3,125	NAN	
58,02	-1,509	3,12	NAN	
58,04	-1,5315	3,12	NAN	
58,06	-1,6515	3,12	NAN	
58,08	-1,581	3,11	NAN	
58,1	-1,635	3,11	NAN	
58,12	-1,485	3,115	NAN	
58,14	-1,8495	3,105	NAN	
58,16	-1,716	3,1	NAN	
58,18	-1,668	3,105	NAN	
58,2	-1,695	3,095	NAN	
58,22	-1,4535	3,095	NAN	
58,24	-1,6275	3,09	NAN	
58,26	-1,692	3,09	NAN	
58,28	-1,683	3,09	NAN	
58,3	-1,563	3,085	NAN	
58,32	-1,665	3,085	NAN	
58,34	-1,6515	3,085	NAN	
58,36	-1,875	3,075	NAN	
58,38	-1,863	3,075	NAN	
58,4	-1,776	3,07	NAN	
58,42	-1,644	3,07	NAN	
58,44	-1,4775	3,07	NAN	
58,46	-1,761	3,065	NAN	
58,48	-1,5915	3,065	NAN	
58,5	-1,854	3,06	NAN	
58,52	-1,641	3,06	NAN	
58,54	-1,845	3,055	NAN	
58,56	-1,758	3,055	NAN	
58,58	-1,8675	3,05	NAN	
58,6	-1,503	3,045	NAN	
58,62	-1,473	3,045	NAN	
58,64	-1,7385	3,04	NAN	
58,66	-1,6425	3,05	NAN	
58,68	-1,842	3,035	NAN	
58,7	-1,6335	3,04	NAN	
58,72	-1,545	3,035	NAN	
58,74	-1,611	3,03	NAN	
58,76	-1,7175	3,025	NAN	
58,78	-1,7895	3,03	NAN	
58,8	-1,7625	3,02	NAN	
58,82	-1,74	3,025	NAN	
58,84	-1,743	3,015	NAN	
58,86	-1,575	3,015	NAN	
58,88	-1,6725	3,015	NAN	
58,9	-1,7235	3,01	NAN	
58,92	-1,6155	3,005	NAN	
58,94	-1,584	3,005	NAN	
58,96	-1,7235	3,005	NAN	
58,98	-1,59	2,995	NAN	
59	-1,506	2,995	NAN	
59,02	-1,518	2,995	NAN	
59,04	-1,6905	2,985	NAN	
59,06	-1,6215	2,99	NAN	
59,08	-1,6155	2,985	NAN	
59,1	-1,5405	2,98	NAN	
59,12	-1,3455	2,975	NAN	
59,14	-1,5135	2,975	NAN	
59,16	-1,4385	2,97	NAN	
59,18	-1,5315	2,975	NAN	
59,2	-1,608	2,965	NAN	
59,22	-1,677	2,97	NAN	
59,24	-1,3605	2,955	NAN	
59,26	-1,527	2,965	NAN	
59,28	-1,527	2,95	NAN	
59,3	-1,581	2,96	NAN	
59,32	-1,293	2,95	NAN	
59,34	-1,545	2,95	NAN	
59,36	-1,1985	2,94	NAN	
59,38	-1,497	2,95	NAN	
59,4	-1,347	2,935	NAN	
59,42	-1,3245	2,935	NAN	
59,44	-1,4175	2,93	NAN	
59,46	-1,4835	2,93	NAN	
59,48	-1,5255	2,925	NAN	
59,5	-1,1295	2,925	NAN	
59,52	-1,2675	2,92	NAN	
59,54	-1,26	2,925	NAN	
59,56	-1,3365	2,91	NAN	
59,58	-1,311	2,915	NAN	
59,6	-1,296	2,905	NAN	
59,62	-1,2555	2,91	NAN	
59,64	-1,0125	2,89	NAN	
59,66	-1,098	2,9	NAN	
59,68	-1,2075	2,89	NAN	
59,7	-1,185	2,9	NAN	
59,72	-1,0995	2,89	NAN	
59,74	-1,2675	2,89	NAN	
59,76	-1,0965	2,885	NAN	
59,78	-1,2615	2,88	NAN	
59,8	-1,134	2,88	NAN	
59,82	-1,164	2,88	NAN	
59,84	-1,146	2,865	NAN	
59,86	-1,098	2,87	NAN	
59,88	-1,026	2,865	NAN	
59,9	-1,1565	2,865	NAN	
59,92	-1,203	2,855	NAN	
59,94	-1,101	2,86	NAN	
59,96	-1,11	2,85	NAN	
59,98	-1,02	2,85	NAN	
60	-0,8775	2,845	NAN	
60,02	-1,0155	2,845	NAN	
60,04	-0,966	2,84	NAN	
60,06	-1,0665	2,84	NAN	
60,08	-0,9855	2,835	NAN	
60,1	-1,0215	2,84	NAN	
60,12	-0,945	2,825	NAN	
60,14	-0,903	2,825	NAN	
60,16	-0,741	2,82	NAN	
60,18	-0,828	2,82	NAN	
60,2	-0,789	2,815	NAN	
60,22	-0,903	2,815	NAN	
60,24	-0,807	2,805	NAN	
60,26	-0,939	2,805	NAN	
60,28	-0,7545	2,8	NAN	
60,3	-0,903	2,8	NAN	
60,32	-1,0155	2,79	NAN	
60,34	-0,8265	2,795	NAN	
60,36	-0,861	2,79	NAN	
60,38	-0,8595	2,785	NAN	
60,4	-0,729	2,785	NAN	
60,42	-0,819	2,785	NAN	
60,44	-0,702	2,775	NAN	
60,46	-0,7725	2,77	NAN	
60,48	-0,8685	2,77	NAN	
60,5	-0,8535	2,77	NAN	
60,52	-0,6945	2,76	NAN	
60,54	-0,642	2,76	NAN	
60,56	-0,723	2,76	NAN	
60,58	-0,627	2,75	NAN	
60,6	-0,6075	2,75	NAN	
60,62	-0,6075	2,745	NAN	
60,64	-0,642	2,745	NAN	
60,66	-0,72	2,74	NAN	
60,68	-0,7425	2,735	NAN	
60,7	-0,537	2,73	NAN	
60,72	-0,648	2,73	NAN	
60,74	-0,5445	2,73	NAN	
60,76	-0,5745	2,725	NAN	
60,78	-0,633	2,715	NAN	
60,8	-0,675	2,715	NAN	
60,82	-0,6315	2,705	NAN	
60,84	-0,66	2,71	NAN	
60,86	-0,6285	2,7	NAN	
60,88	-0,552	2,705	NAN	
60,9	-0,6	2,69	NAN	
60,92	-0,486	2,7	NAN	
60,94	-0,669	2,685	NAN	
60,96	-0,3885	2,69	NAN	
60,98	-0,582	2,685	NAN	
61	-0,6855	2,68	NAN	
61,02	-0,648	2,675	NAN	
61,04	-0,54	2,675	NAN	
61,06	-0,6345	2,665	NAN	
61,08	-0,555	2,665	NAN	
61,1	-0,567	2,655	NAN	
61,12	-0,534	2,66	NAN	
61,14	-0,387	2,65	NAN	
61,16	-0,3585	2,655	NAN	
61,18	-0,5865	2,64	NAN	
61,2	-0,438	2,645	NAN	
61,22	-0,5475	2,635	NAN	
61,24	-0,501	2,635	NAN	
61,26	-0,366	2,625	NAN	
61,28	-0,4995	2,625	NAN	
61,3	-0,6255	2,62	NAN	
61,32	-0,5385	2,62	NAN	
61,34	-0,4755	2,61	NAN	
61,36	-0,3585	2,615	NAN	
61,38	-0,507	2,6	NAN	
61,4	-0,3885	2,605	NAN	
61,42	-0,468	2,595	NAN	
61,44	-0,36	2,595	NAN	
61,46	-0,366	2,585	NAN	
61,48	-0,426	2,59	NAN	
61,5	-0,3345	2,585	NAN	
61,52	-0,474	2,58	NAN	
61,54	-0,4515	2,57	NAN	
61,56	-0,3885	2,575	NAN	
61,58	-0,501	2,57	NAN	
61,6	-0,414	2,565	NAN	
61,62	-0,174	2,56	NAN	
61,64	-0,1605	2,56	NAN	
61,66	-0,2835	2,55	NAN	
61,68	-0,3585	2,55	NAN	
61,7	-0,414	2,54	NAN	
61,72	-0,384	2,54	NAN	
61,74	-0,4125	2,54	NAN	
61,76	-0,423	2,535	NAN	
61,78	-0,489	2,53	NAN	
61,8	-0,189	2,53	NAN	
61,82	-0,294	2,525	NAN	
61,84	-0,105	2,525	NAN	
61,86	-0,1125	2,51	NAN	
61,88	-0,303	2,515	NAN	
61,9	-0,3705	2,505	NAN	
61,92	-0,5115	2,51	NAN	
61,94	-0,381	2,5	NAN	
61,96	-0,3045	2,5	NAN	
61,98	-0,372	2,49	NAN	
62	-0,303	2,49	NAN	
62,02	-0,1305	2,485	NAN	
62,04	-0,18	2,475	NAN	
62,06	-0,3225	2,475	NAN	
62,08	-0,477	2,475	NAN	
62,1	-0,4575	2,465	NAN	
62,12	-0,228	2,46	NAN	
62,14	-0,3435	2,46	NAN	
62,16	-0,2355	2,46	NAN	
62,18	-0,5535	2,455	NAN	
62,2	-0,2085	2,45	NAN	
62,22	-0,1995	2,45	NAN	
62,24	-0,333	2,445	NAN	
62,26	-0,1215	2,44	NAN	
62,28	-0,3555	2,435	NAN	
62,3	-0,2895	2,435	NAN	
62,32	-0,36	2,43	NAN	
62,34	-0,2985	2,43	NAN	
62,36	-0,3015	2,425	NAN	
62,38	-0,264	2,425	NAN	
62,4	-0,2445	2,415	NAN	
62,42	-0,3945	2,415	NAN	
62,44	-0,1695	2,41	NAN	
62,46	-0,4155	2,41	NAN	
62,48	-0,3915	2,41	NAN	
62,5	-0,408	2,405	NAN	
62,52	-0,231	2,4	NAN	
62,54	-0,336	2,395	NAN	
62,56	-0,246	2,395	NAN	
62,58	-0,324	2,395	NAN	
62,6	-0,42	2,395	NAN	
62,62	-0,438	2,385	NAN	
62,64	-0,4245	2,385	NAN	
62,66	-0,2865	2,385	NAN	
62,68	-0,3405	2,38	NAN	
62,7	-0,342	2,385	NAN	
62,72	-0,318	2,375	NAN	
62,74	-0,3195	2,375	NAN	
62,76	-0,2505	2,37	NAN	
62,78	-0,225	2,37	NAN	
62,8	-0,447	2,37	NAN	
62,82	-0,45	2,365	NAN	
62,84	-0,096	2,365	NAN	
62,86	-0,426	2,36	NAN	
62,88	-0,333	2,36	NAN	
62,9	-0,501	2,365	NAN	
62,92	-0,426	2,355	NAN	
62,94	-0,312	2,35	NAN	
62,96	-0,291	2,345	NAN	
62,98	-0,2895	2,345	NAN	
63	-0,267	2,345	NAN	
63,02	-0,4125	2,34	NAN	
63,04	-0,4575	2,34	NAN	
63,06	-0,408	2,34	NAN	
63,08	-0,3705	2,34	NAN	
63,1	-0,3225	2,33	NAN	
63,12	-0,381	2,335	NAN	
63,14	-0,4305	2,33	NAN	
63,16	-0,1335	2,33	NAN	
63,18	-0,246	2,325	NAN	
63,2	-0,3375	2,325	NAN	
63,22	-0,612	2,325	NAN	
63,24	-0,5895	2,32	NAN	
63,26	-0,4335	2,32	NAN	
63,28	-0,252	2,315	NAN	
63,3	-0,5175	2,31	NAN	
63,32	-0,39	2,31	NAN	
63,34	-0,4755	2,31	NAN	
63,36	-0,4275	2,31	NAN	
63,38	-0,537	2,305	NAN	
63,4	-0,36	2,305	NAN	
63,42	-0,351	2,3	NAN	
63,44	-0,558	2,305	NAN	
63,46	-0,267	2,295	NAN	
63,48	-0,417	2,295	NAN	
63,5	-0,4185	2,295	NAN	
63,52	-0,309	2,29	NAN	
63,54	-0,2415	2,285	NAN	
63,56	-0,3615	2,29	NAN	
63,58	-0,4005	2,285	NAN	
63,6	-0,2775	2,285	NAN	
63,62	-0,321	2,28	NAN	
63,64	-0,2895	2,285	NAN	
63,66	-0,1725	2,275	NAN	
63,68	-0,4605	2,28	NAN	
63,7	-0,2235	2,275	NAN	
63,72	-0,348	2,275	NAN	
63,74	-0,3285	2,265	NAN	
63,76	-0,339	2,265	NAN	
63,78	-0,3345	2,265	NAN	
63,8	-0,2565	2,265	NAN	
63,82	-0,381	2,26	NAN	
63,84	-0,3015	2,26	NAN	
63,86	-0,2625	2,25	NAN	
63,88	-0,2385	2,255	NAN	
63,9	-0,1575	2,255	NAN	
63,92	-0,147	2,245	NAN	
63,94	-0,294	2,245	NAN	
63,96	-0,0465	2,245	NAN	
63,98	-0,192	2,24	NAN	
64	-0,1275	2,24	NAN	
64,02	-0,3285	2,235	NAN	
64,04	-0,096	2,235	NAN	
64,06	-0,267	2,23	NAN	
64,08	-0,0495	2,23	NAN	
64,1	-0,213	2,225	NAN	
64,12	-0,1275	2,22	NAN	
64,14	-0,1245	2,215	NAN	
64,16	-0,132	2,215	NAN	
64,18	-0,1995	2,225	NAN	
64,2	-0,1395	2,21	NAN	
64,22	-0,201	2,21	NAN	
64,24	0,0435	2,205	NAN	
64,26	-0,1125	2,2	NAN	
64,28	-0,1815	2,195	NAN	
64,3	-0,1905	2,195	NAN	
64,32	-0,168	2,195	NAN	
64,34	-0,06	2,185	NAN	
64,36	-0,165	2,19	NAN	
64,38	-0,171	2,185	NAN	
64,4	-0,0525	2,185	NAN	
64,42	-0,114	2,175	NAN	
64,44	-0,0645	2,175	NAN	
64,46	-0,015	2,175	NAN	
64,48	-0,2895	2,17	NAN	
64,5	-0,192	2,165	NAN	
64,52	-0,2175	2,165	NAN	
64,54	-0,219	2,155	NAN	
64,56	-0,1485	2,16	NAN	
64,58	-0,072	2,15	NAN	
64,6	-0,123	2,15	NAN	
64,62	-0,162	2,145	NAN	
64,64	-0,039	2,145	NAN	
64,66	-0,171	2,14	NAN	
64,68	-0,0525	2,14	NAN	
64,7	-0,231	2,135	NAN	
64,72	-0,099	2,13	NAN	
64,74	-0,078	2,13	NAN	
64,76	0,0735	2,125	NAN	
64,78	-0,198	2,125	NAN	
64,8	-0,081	2,115	NAN	
64,82	-0,075	2,115	NAN	
64,84	-0,054	2,11	NAN	
64,86	-0,0165	2,11	NAN	
64,88	-0,0915	2,11	NAN	
64,9	-0,249	2,1	NAN	
64,92	-0,132	2,105	NAN	
64,94	-0,075	2,09	NAN	
64,96	-0,015	2,095	NAN	
64,98	-0,129	2,1	NAN	
65	0,093	2,09	NAN	
65,02	-0,0285	2,08	NAN	
65,04	0,006	2,085	NAN	
65,06	-0,0015	2,075	NAN	
65,08	-0,15	2,08	NAN	
65,1	-0,0525	2,07	NAN	
65,12	-0,144	2,07	NAN	
65,14	0,009	2,065	NAN	
65,16	0,093	2,06	NAN	
65,18	-0,0345	2,055	NAN	
65,2	-0,0915	2,055	NAN	
65,22	-0,021	2,045	NAN	
65,24	-0,0735	2,05	NAN	
65,26	-0,1185	2,04	NAN	
65,28	-0,2355	2,04	NAN	
65,3	0,0975	2,035	NAN	
65,32	-0,048	2,035	NAN	
65,34	-0,0795	2,025	NAN	
65,36	-0,1635	2,03	NAN	
65,38	0,027	2,015	NAN	
65,4	-0,1185	2,025	NAN	
65,42	0,018	2,01	NAN	
65,44	0,1185	2,015	NAN	
65,46	-0,129	2,005	NAN	
65,48	-0,0855	2,01	NAN	
65,5	-0,045	1,995	NAN	
65,52	0,0285	2	NAN	
65,54	0,033	1,99	NAN	
65,56	0,012	2	NAN	
65,58	0,024	1,99	NAN	
65,6	-0,0735	1,99	NAN	
65,62	0,051	1,98	NAN	
65,64	-0,114	1,985	NAN	
65,66	-0,0255	1,97	NAN	
65,68	-0,042	1,98	NAN	
65,7	-0,03	1,97	NAN	
65,72	0,1185	1,97	NAN	
65,74	0,0975	1,965	NAN	
65,76	-0,0285	1,96	NAN	
65,78	-0,078	1,955	NAN	
65,8	-0,006	1,955	NAN	
65,82	-0,204	1,945	NAN	
65,84	-0,171	1,95	NAN	
65,86	0,0525	1,93	NAN	
65,88	-0,126	1,94	NAN	
65,9	0,081	1,93	NAN	
65,92	-0,0555	1,94	NAN	
65,94	-0,039	1,925	NAN	
65,96	-0,0225	1,925	NAN	
65,98	0,0255	1,915	NAN	
66	-0,093	1,915	NAN	
66,02	0,096	1,91	NAN	
66,04	-0,0195	1,91	NAN	
66,06	0,0165	1,905	NAN	
66,08	-0,201	1,905	NAN	
66,1	0,1305	1,895	NAN	
66,12	-0,0585	1,9	NAN	
66,14	0,1125	1,89	NAN	
66,16	0,0705	1,89	NAN	
66,18	-0,024	1,885	NAN	
66,2	0,207	1,885	NAN	
66,22	0,063	1,88	NAN	
66,24	0,021	1,875	NAN	
66,26	-0,012	1,865	NAN	
66,28	-0,0435	1,87	NAN	
66,3	0,0225	1,86	NAN	
66,32	-0,003	1,86	NAN	
66,34	0,0375	1,85	NAN	
66,36	-0,0435	1,855	NAN	
66,38	0,03	1,845	NAN	
66,4	0,183	1,845	NAN	
66,42	0,0525	1,845	NAN	
66,44	0,015	1,84	NAN	
66,46	-0,141	1,83	NAN	
66,48	-0,015	1,83	NAN	
66,5	0,054	1,83	NAN	
66,52	-0,054	1,825	NAN	
66,54	0,1725	1,815	NAN	
66,56	0,09	1,815	NAN	
66,58	0,03	1,81	NAN	
66,6	0,108	1,805	NAN	
66,62	-0,018	1,805	NAN	
66,64	-0,0255	1,8	NAN	
66,66	0,1785	1,8	NAN	
66,68	0,033	1,79	NAN	
66,7	0,144	1,79	NAN	
66,72	0,0915	1,795	NAN	
66,74	0,0765	1,78	NAN	
66,76	0,066	1,78	NAN	
66,78	-0,048	1,77	NAN	
66,8	-0,048	1,775	NAN	
66,82	-0,0315	1,76	NAN	
66,84	0,132	1,765	NAN	
66,86	0,1905	1,755	NAN	
66,88	0,0825	1,755	NAN	
66,9	-0,0945	1,75	NAN	
66,92	0,069	1,745	NAN	
66,94	0,216	1,74	NAN	
66,96	0,0165	1,735	NAN	
66,98	0,183	1,735	NAN	
67	0,114	1,73	NAN	
67,02	0,0045	1,725	NAN	
67,04	0,1245	1,72	NAN	
67,06	-0,0585	1,72	NAN	
67,08	-0,0555	1,71	NAN	
67,1	-0,0615	1,71	NAN	
67,12	0,0525	1,705	NAN	
67,14	-0,0285	1,695	NAN	
67,16	-0,015	1,7	NAN	
67,18	-0,1095	1,69	NAN	
67,2	0,072	1,69	NAN	
67,22	0,144	1,68	NAN	
67,24	-0,0765	1,68	NAN	
67,26	-0,006	1,675	NAN	
67,28	0,18	1,675	NAN	
67,3	0,033	1,665	NAN	
67,32	-0,0075	1,665	NAN	
67,34	-0,036	1,66	NAN	
67,36	0,18	1,655	NAN	
67,38	-0,0915	1,65	NAN	
67,4	0,288	1,65	NAN	
67,42	-0,042	1,64	NAN	
67,44	0,2325	1,64	NAN	
67,46	0,1455	1,635	NAN	
67,48	0,255	1,635	NAN	
67,5	0,1365	1,63	NAN	
67,52	0,0495	1,63	NAN	
67,54	0,0045	1,615	NAN	
67,56	0,1575	1,615	NAN	
67,58	0,135	1,61	NAN	
67,6	-0,0405	1,61	NAN	
67,62	0,0945	1,6	NAN	
67,64	0,033	1,6	NAN	
67,66	0,105	1,59	NAN	
67,68	0,2895	1,595	NAN	
67,7	0,21	1,585	NAN	
67,72	0,2205	1,59	NAN	
67,74	0,252	1,575	NAN	
67,76	0,276	1,575	NAN	
67,78	0,192	1,565	NAN	
67,8	0,0945	1,57	NAN	
67,82	0,1425	1,565	NAN	
67,84	0,03	1,56	NAN	
67,86	0,03	1,555	NAN	
67,88	0,162	1,555	NAN	
67,9	0,1095	1,55	NAN	
67,92	0,222	1,545	NAN	
67,94	0,123	1,535	NAN	
67,96	0,084	1,54	NAN	
67,98	0,168	1,525	NAN	
68	0,2265	1,525	NAN	
68,02	0,1275	1,525	NAN	
68,04	0,204	1,52	NAN	
68,06	0,1155	1,51	NAN	
68,08	0,3015	1,51	NAN	
68,1	0,222	1,5	NAN	
68,12	0,201	1,5	NAN	
68,14	0,1005	1,495	NAN	
68,16	-0,0405	1,495	NAN	
68,18	0,39	1,49	NAN	
68,2	0,177	1,485	NAN	
68,22	0,1605	1,48	NAN	
68,24	0,1245	1,48	NAN	
68,26	0,285	1,475	NAN	
68,28	0,165	1,47	NAN	
68,3	0,1965	1,465	NAN	
68,32	0,1935	1,46	NAN	
68,34	0,1485	1,455	NAN	
68,36	0,0825	1,455	NAN	
68,38	0,201	1,45	NAN	
68,4	0,177	1,445	NAN	
68,42	0,153	1,44	NAN	
68,44	0,315	1,435	NAN	
68,46	0,126	1,435	NAN	
68,48	0,2505	1,43	NAN	
68,5	0,1905	1,42	NAN	
68,52	0,165	1,425	NAN	
68,54	0,225	1,41	NAN	
68,56	0,1875	1,42	NAN	
68,58	0,279	1,405	NAN	
68,6	0,1965	1,41	NAN	
68,62	0,111	1,395	NAN	
68,64	0,255	1,4	NAN	
68,66	0,186	1,39	NAN	
68,68	0,141	1,39	NAN	
68,7	0,2205	1,39	NAN	
68,72	0,1905	1,38	NAN	
68,74	0,309	1,38	NAN	
68,76	0,015	1,37	NAN	
68,78	0,2355	1,365	NAN	
68,8	0,1965	1,37	NAN	
68,82	-0,015	1,36	NAN	
68,84	0,0915	1,365	NAN	
68,86	0,1575	1,355	NAN	
68,88	0,21	1,35	NAN	
68,9	0,2475	1,34	NAN	
68,92	0,2445	1,345	NAN	
68,94	0,3075	1,335	NAN	
68,96	0,285	1,335	NAN	
68,98	0,138	1,325	NAN	
69	0,1845	1,335	NAN	
69,02	0,144	1,32	NAN	
69,04	0,327	1,315	NAN	
69,06	0,2325	1,31	NAN	
69,08	0,1275	1,31	NAN	
69,1	0,084	1,3	NAN	
69,12	0,237	1,305	NAN	
69,14	-0,0165	1,305	NAN	
69,16	0,2955	1,29	NAN	
69,18	0,2715	1,29	NAN	
69,2	0,3195	1,28	NAN	
69,22	0,1755	1,28	NAN	
69,24	0,198	1,275	NAN	
69,26	0,2685	1,27	NAN	
69,28	0,315	1,265	NAN	
69,3	0,315	1,26	NAN	
69,32	0,3195	1,26	NAN	
69,34	0,2655	1,25	NAN	
69,36	0,1575	1,25	NAN	
69,38	0,303	1,245	NAN	
69,4	0,2745	1,245	NAN	
69,42	0,1875	1,235	NAN	
69,44	0,2085	1,235	NAN	
69,46	0,174	1,225	NAN	
69,48	0,2085	1,225	NAN	
69,5	0,243	1,22	NAN	
69,52	0,1275	1,215	NAN	
69,54	0,231	1,21	NAN	
69,56	0,198	1,205	NAN	
69,58	0,081	1,2	NAN	
69,6	0,318	1,2	NAN	
69,62	0,5415	1,195	NAN	
69,64	0,2415	1,19	NAN	
69,66	0,2175	1,185	NAN	
69,68	0,1035	1,18	NAN	
69,7	0,153	1,175	NAN	
69,72	0,087	1,175	NAN	
69,74	0,3705	1,16	NAN	
69,76	0,2355	1,165	NAN	
69,78	0,3045	1,155	NAN	
69,8	0,423	1,155	NAN	
69,82	0,2295	1,145	NAN	
69,84	0,2415	1,145	NAN	
69,86	0,222	1,135	NAN	
69,88	0,3165	1,14	NAN	
69,9	0,5055	1,13	NAN	
69,92	0,387	1,13	NAN	
69,94	0,171	1,12	NAN	
69,96	0,2235	1,125	NAN	
69,98	0,4065	1,115	NAN	
70	0,186	1,115	NAN	
70,02	0,105	1,105	NAN	
70,04	0,1155	1,11	NAN	
70,06	0,3525	1,1	NAN	
70,08	0,3255	1,1	NAN	
70,1	0,4125	1,09	NAN	
70,12	0,087	1,09	NAN	
70,14	0,201	1,08	NAN	
70,16	0,21	1,08	NAN	
70,18	0,2745	1,075	NAN	
70,2	0,372	1,075	NAN	
70,22	0,198	1,065	NAN	
70,24	0,249	1,06	NAN	
70,26	0,2145	1,06	NAN	
70,28	0,2715	1,06	NAN	
70,3	0,2235	1,05	NAN	
70,32	0,15	1,05	NAN	
70,34	0,1725	1,04	NAN	
70,36	0,297	1,04	NAN	
70,38	0,2175	1,035	NAN	
70,4	0,4485	1,04	NAN	
70,42	0,2055	1,03	NAN	
70,44	0,24	1,025	NAN	
70,46	0,429	1,015	NAN	
70,48	0,393	1,02	NAN	
70,5	0,09	1,005	NAN	
70,52	0,192	1,01	NAN	
70,54	0,216	1	NAN	
70,56	0,417	1	NAN	
70,58	0,105	0,995	NAN	
70,6	0,2715	0,995	NAN	
70,62	0,3435	0,985	NAN	
70,64	0,315	0,99	NAN	
70,66	0,3105	0,975	NAN	
70,68	0,444	0,98	NAN	
70,7	0,219	0,97	NAN	
70,72	0,2685	0,97	NAN	
70,74	0,2385	0,96	NAN	
70,76	0,393	0,96	NAN	
70,78	0,2565	0,955	NAN	
70,8	0,246	0,95	NAN	
70,82	0,1545	0,945	NAN	
70,84	0,3495	0,945	NAN	
70,86	0,3765	0,94	NAN	
70,88	0,3225	0,935	NAN	
70,9	0,3525	0,93	NAN	
70,92	0,3435	0,93	NAN	
70,94	0,1455	0,92	NAN	
70,96	0,342	0,915	NAN	
70,98	0,4005	0,915	NAN	
71	0,324	0,91	NAN	
71,02	0,321	0,9	NAN	
71,04	0,3375	0,905	NAN	
71,06	0,4005	0,89	NAN	
71,08	0,3495	0,9	NAN	
71,1	0,3015	0,89	NAN	
71,12	0,36	0,89	NAN	
71,14	0,3735	0,885	NAN	
71,16	0,294	0,875	NAN	
71,18	0,3915	0,87	NAN	
71,2	0,3495	0,87	NAN	
71,22	0,186	0,865	NAN	
71,24	0,2505	0,86	NAN	
71,26	0,3045	0,86	NAN	
71,28	0,1845	0,855	NAN	
71,3	0,393	0,855	NAN	
71,32	0,3045	0,85	NAN	
71,34	0,339	0,84	NAN	
71,36	0,2655	0,84	NAN	
71,38	0,2565	0,83	NAN	
71,4	0,4335	0,83	NAN	
71,42	0,2685	0,825	NAN	
71,44	0,2205	0,82	NAN	
71,46	0,27	0,82	NAN	
71,48	0,345	0,815	NAN	
71,5	0,4515	0,81	NAN	
71,52	0,237	0,805	NAN	
71,54	0,474	0,8	NAN	
71,56	0,4485	0,8	NAN	
71,58	0,2355	0,795	NAN	
71,6	0,3705	0,79	NAN	
71,62	0,288	0,785	NAN	
71,64	0,3555	0,785	NAN	
71,66	0,2835	0,78	NAN	
71,68	0,33	0,78	NAN	
71,7	0,2445	0,77	NAN	
71,72	0,3	0,77	NAN	
71,74	0,2175	0,765	NAN	
71,76	0,231	0,76	NAN	
71,78	0,2715	0,76	NAN	
71,8	0,378	0,755	NAN	
71,82	0,321	0,75	NAN	
71,84	0,1875	0,75	NAN	
71,86	0,3615	0,74	NAN	
71,88	0,2985	0,74	NAN	
71,9	0,276	0,735	NAN	
71,92	0,237	0,73	NAN	
71,94	0,3015	0,73	NAN	
71,96	0,261	0,725	NAN	
71,98	0,174	0,72	NAN	
72	0,4455	0,72	NAN	
72,02	0,498	0,715	NAN	
72,04	0,2535	0,71	NAN	
72,06	0,5145	0,705	NAN	
72,08	0,324	0,705	NAN	
72,1	0,417	0,7	NAN	
72,12	0,429	0,695	NAN	
72,14	0,3375	0,695	NAN	
72,16	0,252	0,695	NAN	
72,18	0,1485	0,685	NAN	
72,2	0,243	0,69	NAN	
72,22	0,1635	0,68	NAN	
72,24	0,3375	0,68	NAN	
72,26	0,507	0,67	NAN	
72,28	0,288	0,67	NAN	
72,3	0,306	0,665	NAN	
72,32	0,282	0,67	NAN	
72,34	0,315	0,66	NAN	
72,36	0,27	0,66	NAN	
72,38	0,183	0,655	NAN	
72,4	0,333	0,655	NAN	
72,42	0,357	0,645	NAN	
72,44	0,4605	0,65	NAN	
72,46	0,204	0,64	NAN	
72,48	0,3615	0,64	NAN	
72,5	0,459	0,64	NAN	
72,52	0,2865	0,64	NAN	
72,54	0,156	0,635	NAN	
72,56	0,348	0,63	NAN	
72,58	0,2715	0,63	NAN	
72,6	0,2775	0,625	NAN	
72,62	0,228	0,62	NAN	
72,64	0,2265	0,625	NAN	
72,66	0,3945	0,615	NAN	
72,68	0,2445	0,615	NAN	
72,7	0,2895	0,61	NAN	
72,72	0,2385	0,61	NAN	
72,74	0,3555	0,6	NAN	
72,76	0,198	0,605	NAN	
72,78	0,3315	0,595	NAN	
72,8	0,3615	0,6	NAN	
72,82	0,3165	0,59	NAN	
72,84	0,5145	0,595	NAN	
72,86	0,4005	0,585	NAN	
72,88	0,297	0,59	NAN	
72,9	0,231	0,58	NAN	
72,92	0,3405	0,585	NAN	
72,94	0,3345	0,58	NAN	
72,96	0,4635	0,58	NAN	
72,98	0,2895	0,575	NAN	
73	0,231	0,575	NAN	
73,02	0,2175	0,57	NAN	
73,04	0,276	0,57	NAN	
73,06	0,1155	0,565	NAN	
73,08	0,348	0,575	NAN	
73,1	0,297	0,555	NAN	
73,12	0,3705	0,565	NAN	
73,14	0,207	0,555	NAN	
73,16	0,3285	0,56	NAN	
73,18	0,273	0,545	NAN	
73,2	0,2805	0,555	NAN	
73,22	0,315	0,545	NAN	
73,24	0,336	0,55	NAN	
73,26	0,3165	0,54	NAN	
73,28	0,2535	0,545	NAN	
73,3	0,2385	0,54	NAN	
73,32	0,378	0,545	NAN	
73,34	0,3435	0,53	NAN	
73,36	0,3165	0,54	NAN	
73,38	0,2685	0,53	NAN	
73,4	0,3945	0,535	NAN	
73,42	0,183	0,525	NAN	
73,44	0,4155	0,53	NAN	
73,46	0,2985	0,52	NAN	
73,48	0,384	0,525	NAN	
73,5	0,4425	0,52	NAN	
73,52	0,273	0,52	NAN	
73,54	0,327	0,515	NAN	
73,56	0,369	0,52	NAN	
73,58	0,267	0,515	NAN	
73,6	0,2145	0,515	NAN	
73,62	0,327	0,505	NAN	
73,64	0,4065	0,51	NAN	
73,66	0,426	0,505	NAN	
73,68	0,2295	0,505	NAN	
73,7	0,339	0,505	NAN	
73,72	0,3585	0,505	NAN	
73,74	0,27	0,495	NAN	
73,76	0,309	0,5	NAN	
73,78	0,261	0,495	NAN	
73,8	0,3315	0,495	NAN	
73,82	0,213	0,495	NAN	
73,84	0,1545	0,49	NAN	
73,86	0,177	0,49	NAN	
73,88	0,351	0,49	NAN	
73,9	0,405	0,49	NAN	
73,92	0,2775	0,49	NAN	
73,94	0,2565	0,485	NAN	
73,96	0,192	0,485	NAN	
73,98	0,1815	0,48	NAN	
74	0,2235	0,48	NAN	
74,02	0,1095	0,48	NAN	
74,04	0,1515	0,475	NAN	
74,06	0,126	0,475	NAN	
74,08	0,2355	0,47	NAN	
74,1	0,021	0,48	NAN	
74,12	0,1125	0,47	NAN	
74,14	0,1665	0,475	NAN	
74,16	0,0795	0,47	NAN	
74,18	0,015	0,475	NAN	
74,2	0,159	0,465	NAN	
74,22	0,0435	0,47	NAN	
74,24	0,0405	0,465	NAN	
74,26	0,1815	0,47	NAN	
74,28	-0,1275	0,46	NAN	
74,3	-0,0675	0,465	NAN	
74,32	0,0105	0,46	NAN	
74,34	-0,015	0,465	NAN	
74,36	-0,003	0,455	NAN	
74,38	-0,0675	0,46	NAN	
74,4	-0,159	0,455	NAN	
74,42	-0,0105	0,465	NAN	
74,44	-0,06	0,45	NAN	
74,46	-0,0615	0,46	NAN	
74,48	-0,0015	0,45	NAN	
74,5	0,0915	0,46	NAN	
74,52	0,0495	0,45	NAN	
74,54	-0,018	0,46	NAN	
74,56	0,063	0,45	NAN	
74,58	-0,2985	0,455	NAN	
74,6	0,0735	0,45	NAN	
74,62	-0,006	0,455	NAN	
74,64	0,2145	0,45	NAN	
74,66	0,1605	0,455	NAN	
74,68	-0,24	0,455	NAN	
74,7	0,276	0,45	NAN	
74,72	0,2775	0,45	NAN	
74,74	0,123	0,455	NAN	
74,76	0,2895	0,445	NAN	
74,78	0,324	0,455	NAN	
74,8	0,243	0,45	NAN	
74,82	0,267	0,455	NAN	
74,84	0,4245	0,445	NAN	
74,86	0,171	0,455	NAN	
74,88	0,252	0,445	NAN	
74,9	0,387	0,455	NAN	
74,92	0,258	0,445	NAN	
74,94	0,492	0,455	NAN	
74,96	0,495	0,45	NAN	
74,98	0,4545	0,45	NAN	
75	0,564	0,445	NAN	
75,02	0,5235	0,455	NAN	
75,04	0,1455	0,45	NAN	
75,06	0,3285	0,455	NAN	
75,08	0,5295	0,45	NAN	
75,1	0,4935	0,455	NAN	
75,12	0,3555	0,45	NAN	
75,14	0,426	0,46	NAN	
75,16	0,381	0,45	NAN	
75,18	0,222	0,46	NAN	
75,2	0,375	0,45	NAN	
75,22	0,3405	0,455	NAN	
75,24	0,3285	0,455	NAN	
75,26	0,2655	0,455	NAN	
75,28	0,5055	0,455	NAN	
75,3	0,3885	0,455	NAN	
75,32	0,309	0,455	NAN	
75,34	0,393	0,46	NAN	
75,36	0,5535	0,455	NAN	
75,38	0,4125	0,465	NAN	
75,4	0,4125	0,46	NAN	
75,42	0,3225	0,465	NAN	
75,44	0,528	0,46	NAN	
75,46	0,4755	0,465	NAN	
75,48	0,5085	0,465	NAN	
75,5	0,4515	0,465	NAN	
75,52	0,408	0,46	NAN	
75,54	0,387	0,465	NAN	
75,56	0,2775	0,47	NAN	
75,58	0,288	0,47	NAN	
75,6	0,462	0,47	NAN	
75,62	0,555	0,475	NAN	
75,64	0,396	0,47	NAN	
75,66	0,5985	0,47	NAN	
75,68	0,3945	0,475	NAN	
75,7	0,441	0,475	NAN	
75,72	0,3915	0,475	NAN	
75,74	0,4905	0,48	NAN	
75,76	0,279	0,48	NAN	
75,78	0,534	0,48	NAN	
75,8	0,4245	0,475	NAN	
75,82	0,5055	0,485	NAN	
75,84	0,4785	0,48	NAN	
75,86	0,54	0,49	NAN	
75,88	0,417	0,485	NAN	
75,9	0,4485	0,49	NAN	
75,92	0,501	0,49	NAN	
75,94	0,3945	0,495	NAN	
75,96	0,3945	0,495	NAN	
75,98	0,462	0,495	NAN	
76	0,3945	0,495	NAN	
76,02	0,3645	0,5	NAN	
76,04	0,459	0,5	NAN	
76,06	0,3645	0,505	NAN	
76,08	0,3945	0,495	NAN	
76,1	0,435	0,505	NAN	
76,12	0,6255	0,5	NAN	
76,14	0,4545	0,505	NAN	
76,16	0,45	0,51	NAN	
76,18	0,402	0,51	NAN	
76,2	0,321	0,515	NAN	
76,22	0,279	0,515	NAN	
76,24	0,3585	0,515	NAN	
76,26	0,381	0,515	NAN	
76,28	0,2895	0,52	NAN	
76,3	0,3225	0,525	NAN	
76,32	0,45	0,525	NAN	
76,34	0,4245	0,53	NAN	
76,36	0,4515	0,53	NAN	
76,38	0,372	0,53	NAN	
76,4	0,3735	0,535	NAN	
76,42	0,3585	0,54	NAN	
76,44	0,435	0,54	NAN	
76,46	0,5085	0,54	NAN	
76,48	0,291	0,545	NAN	
76,5	0,486	0,545	NAN	
76,52	0,2325	0,545	NAN	
76,54	0,3	0,545	NAN	
76,56	0,366	0,555	NAN	
76,58	0,435	0,55	NAN	
76,6	0,4635	0,56	NAN	
76,62	0,2685	0,555	NAN	
76,64	0,483	0,56	NAN	
76,66	0,3975	0,565	NAN	
76,68	0,3585	0,57	NAN	
76,7	0,204	0,565	NAN	
76,72	0,3975	0,575	NAN	
76,74	0,468	0,57	NAN	
76,76	0,561	0,58	NAN	
76,78	0,39	0,58	NAN	
76,8	0,4035	0,585	NAN	
76,82	0,3	0,585	NAN	
76,84	0,4125	0,59	NAN	
76,86	0,4395	0,59	NAN	
76,88	0,4965	0,6	NAN	
76,9	0,3195	0,6	NAN	
76,92	0,486	0,6	NAN	
76,94	0,4155	0,605	NAN	
76,96	0,495	0,61	NAN	
76,98	0,2805	0,605	NAN	
77	0,3105	0,615	NAN	
77,02	0,51	0,61	NAN	
77,04	0,174	0,625	NAN	
77,06	0,2325	0,62	NAN	
77,08	0,291	0,63	NAN	
77,1	0,4035	0,625	NAN	
77,12	0,528	0,635	NAN	
77,14	0,375	0,64	NAN	
